{"Depot":"0","station": ["0", "1", "2", "3", "4", "5", "6", "7", "8", "9", "10", "11", "12", "13", "14", "15", "16", "17", "18", "19"], "adjencyMatrix": [[0.0, 0.8178512672768073, 0.9308050371242443, 0.9048981873775859, 0.8297354901371725, 1.6386930409520946, 1.304252602725514, 1.1361286212731245, 1.5084984572405193, 0.890906410612028, 1.0600327859474108, 1.6737600568932405, 1.7097969523804508, 0.40640258052688477, 0.858767408247064, 1.595770923502185, 0.17858392767498943, 1.3889242006076599, 1.0546175951446395, 1.2492651051948993], [0.8178512672768073, 0.0, 0.3598607666694922, 0.39102563759513853, 0.38268460244432095, 0.7209919937330358, 0.5939360700092768, 0.45089007750288307, 0.5134242498000484, 0.39019580285798383, 0.48887254514161815, 0.6366727857048027, 0.7287045188721528, 0.18012686272664918, 0.3102543486892606, 0.6379855451128917, 0.044949434079227, 0.4946134980892084, 0.4082023064379006, 0.5453585850735584], [0.9308050371242443, 0.3598607666694922, 0.0, 0.41716967883613265, 0.39000512905008156, 0.6536773313249814, 0.47474188089593405, 0.3583432104970192, 0.7727084060535052, 0.35553030383445955, 0.5784946727037977, 0.8114052761833805, 0.7739427036367965, 0.22466914247187422, 0.3291828752899346, 0.5950008830401996, 0.08465271829571558, 0.6342301889495112, 0.37124286451820665, 0.46848671445598417], [0.9048981873775859, 0.39102563759513853, 0.41716967883613265, 0.0, 0.43658374951674267, 0.7755995830707081, 0.6232922361123007, 0.44279446134369055, 0.6030234481940866, 0.4196158851428342, 0.5890458238548839, 0.7303662456921172, 0.8172543877216402, 0.2183258143217102, 0.32132683668572143, 0.663252869821066, 0.05000639754451901, 0.5509578682005695, 0.41387201518373273, 0.574556530348852], [0.8297354901371725, 0.38268460244432095, 0.39000512905008156, 0.43658374951674267, 0.0, 0.7580355470144473, 0.6148399961367594, 0.38418525971323314, 0.5183624985402494, 0.4089516108018316, 0.6169407919862299, 0.671811328362339, 0.7986052095715405, 0.22482500384891296, 0.26686875496657714, 0.5985948177820349, 0.028792156157553074, 0.4746052279171084, 0.3590537838738933, 0.5536498474446399], [1.6386930409520946, 0.7209919937330358, 0.6536773313249814, 0.7755995830707081, 0.7580355470144473, 0.0, 1.3601662253632194, 1.1024176276882447, 0.8620816796002333, 0.8503593268886278, 0.8601287886613105, 1.1766122281930933, 1.4608571982715048, 0.30864846665898604, 0.6825057484784033, 1.4357926390734745, 0.0739049000126134, 0.9495634061057437, 0.9468504366904434, 1.228722315887436], [1.304252602725514, 0.5939360700092768, 0.47474188089593405, 0.6232922361123007, 0.6148399961367594, 1.3601662253632194, 0.0, 1.0120217098320552, 0.553874246477048, 0.7348979095495766, 0.6273873215741064, 0.8662340700694475, 1.1814812402979356, 0.21729503773203424, 0.5765806597098361, 1.2521390955885021, 0.04092702793804195, 0.7147200679696917, 0.838504140788326, 1.0853867551754282], [1.1361286212731245, 0.45089007750288307, 0.3583432104970192, 0.44279446134369055, 0.38418525971323314, 1.1024176276882447, 1.0120217098320552, 0.0, 0.508554595353686, 0.5988986726732154, 0.2539801331662938, 0.7006512268268662, 0.8787384457829972, 0.08878581422972828, 0.6164762338504483, 1.1954844675369218, 0.08017335988567026, 0.6964269693274263, 0.8548106821443371, 0.9284811550875046], [1.5084984572405193, 0.5134242498000484, 0.7727084060535052, 0.6030234481940866, 0.5183624985402494, 0.8620816796002333, 0.553874246477048, 0.508554595353686, 0.0, 0.47264322993023433, 0.8227371498960079, 1.3726596491114762, 1.131624183509255, 0.33617235794687894, 0.5637382336320741, 0.8880160913535126, 0.18978287151386744, 1.1300899612396993, 0.5704862879271047, 0.606343451959445], [0.890906410612028, 0.39019580285798383, 0.35553030383445955, 0.4196158851428342, 0.4089516108018316, 0.8503593268886278, 0.7348979095495766, 0.5988986726732154, 0.47264322993023433, 0.0, 0.46358218702348186, 0.6405050220274906, 0.7908819458532864, 0.16664162590673037, 0.37234688992776976, 0.7797164824595753, 0.04149144115975727, 0.5187210068264927, 0.5149066676313528, 0.6648838788194311], [1.0600327859474108, 0.48887254514161815, 0.5784946727037977, 0.5890458238548839, 0.6169407919862299, 0.8601287886613105, 0.6273873215741064, 0.2539801331662938, 0.8227371498960079, 0.46358218702348186, 0.0, 0.9699102200360641, 1.0546394500156477, 0.36296262526669787, 0.2534004334341514, 0.5828138050261514, 0.04253180384744852, 0.6305375491752262, 0.30072352653557244, 0.5753190306523341], [1.6737600568932405, 0.6366727857048027, 0.8114052761833805, 0.7303662456921172, 0.671811328362339, 1.1766122281930933, 0.8662340700694475, 0.7006512268268662, 1.3726596491114762, 0.6405050220274906, 0.9699102200360641, 0.0, 1.3636200917753336, 0.3783711771381725, 0.6212464893309984, 1.1100441480345085, 0.1584553179572011, 1.148891721014361, 0.70764884029909, 0.8569518979867685], [1.7097969523804508, 0.7287045188721528, 0.7739427036367965, 0.8172543877216402, 0.7986052095715405, 1.4608571982715048, 1.1814812402979356, 0.8787384457829972, 1.131624183509255, 0.7908819458532864, 1.0546394500156477, 1.3636200917753336, 0.0, 0.3916527407291264, 0.6309727656024317, 1.2825105455027106, 0.10085374980909664, 1.050514641548686, 0.8125487229746357, 1.0926992351789133], [0.40640258052688477, 0.18012686272664918, 0.22466914247187422, 0.2183258143217102, 0.22482500384891296, 0.30864846665898604, 0.21729503773203424, 0.08878581422972828, 0.33617235794687894, 0.16664162590673037, 0.36296262526669787, 0.3783711771381725, 0.3916527407291264, 0.0, 0.09993297185073916, 0.21466980861987062, 0.02183328929281752, 0.25254088307850114, 0.11134307787564404, 0.20399658046198083], [0.858767408247064, 0.3102543486892606, 0.3291828752899346, 0.32132683668572143, 0.26686875496657714, 0.6825057484784033, 0.5765806597098361, 0.6164762338504483, 0.5637382336320741, 0.37234688992776976, 0.2534004334341514, 0.6212464893309984, 0.6309727656024317, 0.09993297185073916, 0.0, 0.7620368074145224, 0.0870401964156979, 0.5855549866610932, 0.5385108287142081, 0.5563670076461565], [1.595770923502185, 0.6379855451128917, 0.5950008830401996, 0.663252869821066, 0.5985948177820349, 1.4357926390734745, 1.2521390955885021, 1.1954844675369218, 0.8880160913535126, 0.7797164824595753, 0.5828138050261514, 1.1100441480345085, 1.2825105455027106, 0.21466980861987062, 0.7620368074145224, 0.0, 0.11574256825937362, 0.9994233726563645, 1.0190132094118103, 1.1609323917600427], [0.17858392767498943, 0.044949434079227, 0.08465271829571558, 0.05000639754451901, 0.028792156157553074, 0.0739049000126134, 0.04092702793804195, 0.08017335988567026, 0.18978287151386744, 0.04149144115975727, 0.04253180384744852, 0.1584553179572011, 0.10085374980909664, 0.02183328929281752, 0.0870401964156979, 0.11574256825937362, 0.0, 0.1532728667248342, 0.08471354248002977, 0.05734043476968475], [1.3889242006076599, 0.4946134980892084, 0.6342301889495112, 0.5509578682005695, 0.4746052279171084, 0.9495634061057437, 0.7147200679696917, 0.6964269693274263, 1.1300899612396993, 0.5187210068264927, 0.6305375491752262, 1.148891721014361, 1.050514641548686, 0.25254088307850114, 0.5855549866610932, 0.9994233726563645, 0.1532728667248342, 0.0, 0.6721567200138399, 0.7207565670500199], [1.0546175951446395, 0.4082023064379006, 0.37124286451820665, 0.41387201518373273, 0.3590537838738933, 0.9468504366904434, 0.838504140788326, 0.8548106821443371, 0.5704862879271047, 0.5149066676313528, 0.30072352653557244, 0.70764884029909, 0.8125487229746357, 0.11134307787564404, 0.5385108287142081, 1.0190132094118103, 0.08471354248002977, 0.6721567200138399, 0.0, 0.7816180378395803], [1.2492651051948993, 0.5453585850735584, 0.46848671445598417, 0.574556530348852, 0.5536498474446399, 1.228722315887436, 1.0853867551754282, 0.9284811550875046, 0.606343451959445, 0.6648838788194311, 0.5753190306523341, 0.8569518979867685, 1.0926992351789133, 0.20399658046198083, 0.5563670076461565, 1.1609323917600427, 0.05734043476968475, 0.7207565670500199, 0.7816180378395803, 0.0]]}