{"station": ["A", "B", "C", "D", "E", "F", "G", "H", "I", "J", "K", "L", "M", "N", "O", "P", "Q", "R"], 
    "adjencyMatrix": [[20, 40, 44, 34, 44, 30, 22, 12, 22, 32, 16, 16, 18, 26, 20, 26, 16, 28], [40, 94, 92, 86, 85, 83, 66, 45, 56, 86, 32, 52, 30, 51, 43, 55, 45, 77], [44, 92, 98, 82, 97, 73, 56, 33, 52, 78, 36, 42, 40, 57, 47, 59, 39, 69], [34, 86, 82, 155, 109, 96, 113, 69, 59, 130, 56, 92, 99, 46, 115, 82, 47, 125], [44, 85, 97, 109, 117, 69, 68, 33, 49, 90, 50, 51, 80, 59, 83, 74, 34, 83], [30, 83, 73, 96, 69, 86, 79, 57, 54, 94, 30, 65, 33, 38, 51, 51, 46, 87], [22, 66, 56, 113, 68, 79, 89, 60, 47, 100, 36, 74, 59, 29, 76, 55, 40, 96], [12, 45, 33, 69, 33, 57, 60, 45, 33, 66, 18, 51, 24, 15, 39, 30, 30, 63], [22, 56, 52, 59, 49, 54, 47, 33, 35, 58, 20, 38, 21, 28, 31, 34, 29, 53], [32, 86, 78, 130, 90, 94, 100, 66, 58, 116, 44, 82, 68, 42, 86, 68, 48, 110], [16, 32, 36, 56, 50, 30, 36, 18, 20, 44, 24, 28, 44, 22, 46, 34, 14, 42], [16, 52, 42, 92, 51, 65, 74, 51, 38, 82, 28, 62, 46, 21, 61, 43, 33, 79], [18, 30, 40, 99, 80, 33, 59, 24, 21, 68, 44, 46, 97, 27, 96, 57, 12, 68], [26, 51, 57, 46, 59, 38, 29, 15, 28, 42, 22, 21, 27, 34, 29, 35, 20, 37], [20, 43, 47, 115, 83, 51, 76, 39, 31, 86, 46, 61, 96, 29, 101, 62, 22, 85], [26, 55, 59, 82, 74, 51, 55, 30, 34, 68, 34, 43, 57, 35, 62, 50, 25, 64], [16, 45, 39, 47, 34, 46, 40, 30, 29, 48, 14, 33, 12, 20, 22, 25, 25, 44], [28, 77, 69, 125, 83, 87, 96, 63, 53, 110, 42, 79, 68, 37, 85, 64, 44, 105]]}