{"station": ["A", "B", "C", "D", "E", "F", "G", "H", "I", "J", "K", "L"], "adjencyMatrix": [[138, 22, 129, 101, 40, 89, 133, 79, 127, 54, 148, 126], [22, 5, 15, 7, 10, 16, 15, 20, 23, 10, 23, 17], [129, 15, 146, 130, 29, 79, 147, 50, 108, 48, 152, 132], [101, 7, 130, 130, 9, 55, 135, 14, 76, 32, 116, 112], [40, 10, 29, 9, 26, 33, 23, 45, 43, 22, 54, 32], [89, 16, 79, 55, 33, 61, 78, 62, 85, 38, 101, 79], [133, 15, 147, 135, 23, 78, 154, 45, 111, 46, 144, 134], [79, 20, 50, 14, 45, 62, 45, 85, 86, 40, 91, 59], [127, 23, 108, 76, 43, 85, 111, 86, 122, 52, 134, 110], [54, 10, 48, 32, 22, 38, 46, 40, 52, 24, 64, 48], [148, 23, 152, 116, 54, 101, 144, 91, 134, 64, 187, 143], [126, 17, 132, 112, 32, 79, 134, 59, 110, 48, 143, 123]]}