{"station": ["A", "B", "C", "D", "E", "F", "G", "H", "I", "J", "K", "L", "M", "N", "O", "P", "Q", "R", "S", "T"], "adjencyMatrix": [[65, 0, 55, 30, 0, 39, 0, 0, 91, 23, 0, 33, 49, 28, 71, 37, 64, 0, 31, 24], [0, 126, 81, 66, 81, 60, 93, 69, 138, 57, 120, 69, 0, 60, 108, 57, 84, 87, 63, 36], [55, 81, 54, 0, 51, 0, 58, 51, 90, 0, 82, 46, 52, 36, 65, 39, 50, 56, 47, 30], [30, 66, 0, 84, 48, 0, 92, 56, 86, 82, 58, 82, 42, 72, 66, 0, 24, 86, 74, 24], [0, 81, 51, 48, 54, 42, 69, 42, 90, 42, 72, 51, 42, 48, 75, 36, 54, 63, 42, 18], [39, 60, 0, 0, 42, 35, 59, 26, 67, 0, 0, 42, 25, 44, 62, 0, 0, 52, 29, 6], [0, 93, 58, 92, 69, 59, 121, 53, 113, 0, 69, 0, 41, 96, 0, 0, 52, 108, 72, 0], [0, 69, 51, 56, 42, 26, 53, 0, 0, 54, 80, 51, 58, 32, 0, 40, 30, 55, 62, 42], [91, 138, 90, 86, 90, 67, 113, 0, 155, 77, 0, 88, 0, 0, 120, 65, 0, 106, 81, 0], [23, 57, 0, 82, 42, 0, 0, 54, 77, 81, 51, 79, 39, 68, 57, 35, 16, 0, 73, 24], [0, 120, 82, 58, 72, 0, 69, 80, 0, 51, 131, 56, 85, 36, 0, 59, 74, 70, 67, 54], [33, 69, 46, 82, 51, 42, 0, 51, 88, 79, 56, 82, 38, 76, 73, 37, 30, 0, 69, 18], [49, 0, 52, 42, 42, 25, 41, 58, 0, 39, 85, 38, 0, 20, 46, 39, 38, 44, 51, 42], [28, 60, 36, 72, 48, 44, 96, 32, 0, 68, 36, 76, 20, 80, 76, 28, 32, 0, 0, 0], [71, 108, 65, 66, 75, 62, 0, 0, 120, 57, 0, 73, 46, 76, 110, 45, 76, 91, 51, 0], [37, 57, 39, 0, 36, 0, 0, 40, 65, 35, 59, 37, 39, 28, 45, 29, 32, 43, 39, 24], [64, 84, 50, 24, 54, 0, 52, 30, 0, 16, 74, 30, 38, 32, 76, 32, 68, 0, 20, 0], [0, 87, 56, 86, 63, 52, 108, 55, 106, 0, 70, 0, 44, 0, 91, 43, 0, 98, 71, 18], [31, 63, 47, 74, 42, 29, 72, 62, 81, 73, 67, 69, 51, 0, 51, 39, 20, 71, 73, 36], [24, 36, 30, 24, 18, 6, 0, 42, 0, 24, 54, 18, 42, 0, 0, 24, 0, 18, 36, 36]]}