{"station": ["0", "1", "2", "3", "4", "5", "6", "7", "8", "9", "10", "11", "12", "13", "14", "15", "16", "17", "18", "19", "20", "21", "22", "23", "24", "25", "26", "27", "28", "29", "30", "31", "32", "33", "34", "35", "36", "37", "38", "39", "40", "41", "42", "43", "44", "45", "46", "47", "48", "49", "50", "51", "52", "53", "54", "55", "56", "57", "58", "59", "60", "61", "62", "63", "64", "65", "66", "67", "68", "69", "70", "71", "72", "73", "74", "75", "76", "77", "78", "79", "80", "81", "82", "83", "84", "85", "86", "87", "88", "89", "90", "91", "92", "93", "94", "95", "96", "97", "98", "99"], "Depot": "0", "adjencyMatrix": [[0.0, 0.4560765659111219, 0.46680998726183065, 0.33602868484061776, 0.3333211572710518, 0.6455032883775279, 0.6424421849284279, 0.7489715907397713, 0.6954797047670447, 0.6516245949293884, 0.9314625003186459, 0.3959021415618174, 0.9827814176916383, 0.19827804946765742, 0.614413317766996, 0.47044729450619976, 0.9123717091358537, 1.163852471400689, 0.8229554369799894, 0.7279943452609624, 0.9803348914702812, 0.9123441801313987, 1.083103197887335, 0.5259949206637815, 0.27550407829398404, 0.48652354744851606, 0.5294058081701895, 0.6544925720381023, 0.5342605335140908, 0.8721318074977333, 0.8184565760512236, 0.5816872487552899, 0.25913661849712927, 0.2768728573552723, 0.45964291455045797, 0.2963429238500868, 0.9234455276220017, 0.13503900716693706, 0.9251360509814202, 0.1934464541055477, 1.0702537373196137, 1.1092569200729232, 0.5634987870457626, 0.4806276687388111, 0.5897630343150551, 0.42944590154998574, 0.3005244287310014, 0.5400382442064909, 0.3603271193898032, 0.6071980626482568, 0.9562237957358936, 0.9520960707618773, 0.8403153995212025, 0.14384894225904143, 0.7256637702654579, 0.8696100700355134, 0.5109383571209921, 0.32593973202198445, 0.6035344923251605, 1.0397715387374342, 0.6413458683232574, 0.6611293937850231, 0.14756506618819282, 0.742200977058595, 0.9129013409462914, 0.7559724869384068, 0.971734041103723, 0.56045784200373, 0.9886716633029815, 0.581698802660742, 0.6073038016623175, 0.6008571984094756, 0.8088362941367879, 0.12327297567949702, 0.11180469482379886, 1.0003648327178316, 0.2528442651133607, 0.41748843705964117, 0.5223545566934792, 0.16839154393866176, 0.49193769683250793, 0.9709831094510946, 0.5520985365868288, 0.5121940225016923, 0.5005462795004098, 0.789303838186173, 0.6499801662240753, 0.33784535317745307, 0.8124685219078656, 0.576194155846873, 0.978421855962114, 0.3007311120943411, 0.5906658026611322, 0.38342510148093134, 0.5235178251326937, 0.8979086800328688, 0.9869140666112591, 0.4081282431907728, 0.5150123705322565, 0.7162654344695109], [0.4560765659111219, 0.0, 0.4531857875488122, 0.6481931231575657, 0.22870142125886359, 0.5869181793571331, 0.7336674971039494, 0.6795566689173687, 0.537291108689347, 0.5992079481478172, 0.4771593486093713, 0.25686781628054817, 0.8210749152660287, 0.3986963911367631, 0.1969496749062402, 0.7588989030480509, 0.47985018683269276, 0.9512047664826788, 0.3669217287691975, 0.5131827590731142, 0.6046025838799675, 0.5625571410105427, 0.8630207748776919, 0.0803004641020401, 0.3027775682525558, 0.07130745290323733, 0.23396535188418432, 0.6011047982960114, 0.40116121850455544, 0.6149357461065459, 0.41504864046471773, 0.717993709986949, 0.5414012776960071, 0.5808468643302339, 0.24723622055377004, 0.16515397013690755, 0.467638047499532, 0.3358216294058328, 0.5345383125565704, 0.3785532369429492, 0.8040111354937758, 0.878195481632007, 0.7964430189469353, 0.25458330600182116, 0.19819539388761565, 0.6253557159112744, 0.25834080122657405, 0.49994364387231527, 0.5498354796351478, 0.42974416434348084, 0.5201661179016978, 0.6976681828630499, 0.38558569718819624, 0.41496057933857927, 0.6692880128966794, 0.5667412316615615, 0.6782380923572825, 0.15041222234625096, 0.623900741632539, 0.7369789646283168, 0.7879519328738221, 0.21264843065664255, 0.3097069768839156, 0.2955373299771742, 0.6680150344096497, 0.4477733421247571, 0.7939407271209082, 0.38875601632696644, 0.8175452470292003, 0.15247831032354803, 0.4447346281910756, 0.7744260829946765, 0.4912885847285303, 0.33659825051337655, 0.35041566699216964, 0.6666351638277067, 0.2452141870015911, 0.04035078462331776, 0.0817353279539122, 0.4491828466985339, 0.4119301138837256, 0.6152291512483319, 0.530172477691549, 0.16464229706301245, 0.6829510327616488, 0.7254688971740414, 0.19545927006991892, 0.23022886448081006, 0.3681493814058294, 0.4960565487875942, 0.5322327670846057, 0.5148215501005755, 0.6636855454095891, 0.09566899253769091, 0.6572781723088594, 0.5143172821985694, 0.6128747728709598, 0.6943598087963295, 0.36408926085653487, 0.4585134184578122], [0.46680998726183065, 0.4531857875488122, 0.0, 0.3598928365033752, 0.24479512050013372, 0.18066183624160678, 0.2809871625788315, 0.28591434041899155, 0.24290873239032035, 0.18838024275938045, 0.7675455167937415, 0.19661255094981253, 0.5169456575714275, 0.26873108055389955, 0.6430299735737574, 0.404771251628052, 0.6739552724756228, 0.7029809713507399, 0.7094027716496283, 0.29942429397616505, 0.6398683898269026, 0.5541707868887359, 0.6260970025128226, 0.52431146412816, 0.5775997963794824, 0.5240426082491397, 0.28658312957338805, 0.19115742209434092, 0.12306406720780867, 0.4458119033680234, 0.5479220588483374, 0.2759478455033413, 0.29702861237483813, 0.3259892099653089, 0.2201690508881977, 0.3693154172438035, 0.8014238113600799, 0.3660928019236086, 0.6127130853433483, 0.27423647920957556, 0.6317811592689425, 0.6547288574647748, 0.39150692099069956, 0.22482581006917754, 0.6507308411495365, 0.2421699837365027, 0.5602521600354139, 0.07351161287295259, 0.20695837304066117, 0.1903088751656761, 0.7186185724781027, 0.5159197929523638, 0.7437363379138271, 0.5588672238155258, 0.26487969569755915, 0.47602917418316504, 0.25727882775050875, 0.4692848474453576, 0.1748050415543912, 0.6251209992096394, 0.343296290356045, 0.5318840797267401, 0.3954610639651638, 0.6985778894945296, 0.4752582307014216, 0.39314267084077376, 0.508171024066923, 0.1655053378463317, 0.5237952589168453, 0.5971858888597618, 0.17913735948251192, 0.3407410757075014, 0.440482003597403, 0.4423261426288328, 0.39121493407659924, 0.6140459874194201, 0.29941382858736904, 0.4258980146185613, 0.5293599879990617, 0.3112863719728742, 0.0672755999368727, 0.6096624466568669, 0.09168117354017914, 0.34054276775078673, 0.2700667909308973, 0.3290168832976532, 0.5504037256335204, 0.5663858387519877, 0.6257444912135345, 0.11230262485151686, 0.7671547114242139, 0.2285948840021314, 0.21095172512690527, 0.47647072728798856, 0.22281763712711578, 0.5813795442015517, 0.6434772126578353, 0.3598022491034122, 0.1390971027621701, 0.3217129349357985], [0.33602868484061776, 0.6481931231575657, 0.3598928365033752, 0.0, 0.431309669949965, 0.48521870108433585, 0.37534034978072933, 0.5672332693794, 0.5926364527239191, 0.48470484522372387, 1.0702674680396054, 0.44666347418322994, 0.8241058238515285, 0.25159576811264767, 0.8406801558421085, 0.13462982041820296, 1.0029602624037917, 1.021512100928139, 0.9869205405387086, 0.6575413178876586, 0.9960394886820291, 0.9120328644172776, 0.954450495799419, 0.728426715036808, 0.5894954804141012, 0.7047938560329551, 0.5901967109115661, 0.4873520118611929, 0.4788653874122521, 0.8017218880184455, 0.8838068909982348, 0.2989774658634943, 0.10716673269757385, 0.06945671205786351, 0.507614736144905, 0.49327349524193165, 1.0866834514425359, 0.3532686492367362, 0.9627139993855751, 0.27274007271723333, 0.9786396683403334, 0.9860444965336708, 0.23303824891976654, 0.5233959719660745, 0.8298742544241331, 0.15683403592483514, 0.600599294783025, 0.41002244312133396, 0.15312785063348178, 0.5498806081988881, 1.0486414141053373, 0.8664861790210873, 1.0146017257729008, 0.4792058465594371, 0.540340922042876, 0.8359196977258406, 0.22651477256002284, 0.5736378881199459, 0.3986022844338743, 0.9816878141593822, 0.34068630057616733, 0.8062467025275268, 0.39598279312069357, 0.9401378133704013, 0.8259990330363576, 0.7493006340136769, 0.8259983725451226, 0.5199300934451326, 0.8358738387316696, 0.7986958352284855, 0.5390117785244979, 0.29182075654641315, 0.7983630759210734, 0.41339355258932386, 0.3582911590112137, 0.9739171872764758, 0.4046560687834581, 0.6089666063915901, 0.7289637840937154, 0.21260546998831897, 0.421342525372142, 0.9683523615058244, 0.40165022162205505, 0.6148430532304113, 0.20821570612132057, 0.5948720017226112, 0.811166010868178, 0.6291975024824342, 0.9325554325741519, 0.4596758441189072, 1.0889439439079913, 0.1467043261519662, 0.35051433363617057, 0.6153215001905706, 0.2605325668842046, 0.9317361832670796, 1.000158539504864, 0.07336135417862548, 0.4836748267489245, 0.6810531493096673], [0.3333211572710518, 0.22870142125886359, 0.24479512050013372, 0.431309669949965, 0.0, 0.4081511318881716, 0.5173194488852375, 0.5110830597522302, 0.40574695781175135, 0.4187334384515159, 0.6450866710306221, 0.07170170331517763, 0.7040289732319618, 0.19607141128545627, 0.4256342961904037, 0.5339529842285794, 0.5976929309603336, 0.8670499149050082, 0.5562000476390546, 0.4170445327080021, 0.6475435370658683, 0.5790880908354666, 0.781834982699147, 0.30759319049646944, 0.3470488633132911, 0.2951238251830119, 0.19695414784796905, 0.4211599206476567, 0.24172482304751075, 0.5533514679584141, 0.49293117737148695, 0.49400893928434064, 0.32737354759053905, 0.36744315639503006, 0.12763196373807875, 0.12607718845592397, 0.656517693078602, 0.19942125576139563, 0.5945621680306454, 0.1805514845209888, 0.7531217868744818, 0.8044034892712976, 0.5677585295522567, 0.148551308067116, 0.4246176299868366, 0.39670554144125597, 0.32295533015305106, 0.30625215953549456, 0.32194146792482703, 0.3020925699078726, 0.642971347253246, 0.6361390445461105, 0.5833363405754717, 0.370212672968211, 0.49473358200061357, 0.5405167319510314, 0.45061351501721814, 0.22493808262587112, 0.41955753770606496, 0.7131205924002311, 0.5642664797985504, 0.3765888869389233, 0.2051596778181492, 0.5112758148940704, 0.5989093196297619, 0.42428110265913693, 0.6852495712658442, 0.2530218437781588, 0.7056975293001055, 0.38087117720819913, 0.3086347372886207, 0.5477667996587723, 0.4769255013560696, 0.2532635382447468, 0.2251744617644848, 0.6685518729954157, 0.08490508867335406, 0.19403861410818204, 0.3101476215131111, 0.2546066262978327, 0.2247872630315835, 0.6376951618969324, 0.3325686291521073, 0.19344029425520998, 0.4546556539091225, 0.5568499048612073, 0.37991832394157954, 0.3244012581058409, 0.511968413646396, 0.3192156627873127, 0.6745758570154394, 0.2910331435634521, 0.448298775827169, 0.2334362217494945, 0.4320153824722899, 0.5665324316082267, 0.6539849454724713, 0.4709070019471968, 0.2109348163258823, 0.3921490638499299], [0.6455032883775279, 0.5869181793571331, 0.18066183624160678, 0.48521870108433585, 0.4081511318881716, 0.0, 0.22729438930390986, 0.10550192246981935, 0.1380737825840488, 0.01300686044777449, 0.8040505362596081, 0.3459267083622194, 0.34570684760158316, 0.44725514114263104, 0.7611455441438089, 0.48447149415059837, 0.6830144599919956, 0.5393687984212904, 0.7725876850805986, 0.2210442054399989, 0.5899625191999854, 0.5004650041632416, 0.46950899012625685, 0.6475702314736417, 0.7513845655219414, 0.6578049586724537, 0.37440206035627327, 0.014343043304544128, 0.1861930146125226, 0.3405576441194104, 0.5547424499451974, 0.2736793650182996, 0.4500419537699092, 0.47052609627331105, 0.33968387503642167, 0.5341021812540402, 0.8531520464097646, 0.5466371066790754, 0.5848257169329626, 0.4540796422273865, 0.4979350486880288, 0.5008726410220621, 0.42679305752570795, 0.3336103634281746, 0.7769216520197934, 0.33552148822767497, 0.7304727631302185, 0.10754058859013572, 0.34036744915259737, 0.18516316692707993, 0.7236813655055064, 0.3915460328438435, 0.8104537008662281, 0.739403500292705, 0.08665661115797092, 0.4020535204453249, 0.30265688080122394, 0.6312975221822694, 0.10657124649672904, 0.5160294918148304, 0.31753236469021906, 0.610584642259989, 0.5751101470548953, 0.7887882199353368, 0.3524533295469547, 0.36331111041219216, 0.3429466525928753, 0.20753129720225094, 0.355169224404254, 0.71632368956589, 0.16529693170200355, 0.3423675244741431, 0.3956886613343877, 0.6224366892148384, 0.5718541897804531, 0.5311776651160622, 0.47363818471566616, 0.5672321054993622, 0.6543661457072663, 0.48522366727218974, 0.18358836625649066, 0.5473477622443295, 0.09400783679458366, 0.44342522046446475, 0.32290133663360826, 0.14983712569220234, 0.6378601732988375, 0.7323782212661376, 0.6662403398881657, 0.09130796815121497, 0.7813792926667265, 0.38169749397476593, 0.17979350877783476, 0.6287680050738238, 0.2566661502566083, 0.5545104556208523, 0.5911108911141045, 0.46048876165623037, 0.22319537767014758, 0.28033389499659966], [0.6424421849284279, 0.7336674971039494, 0.2809871625788315, 0.37534034978072933, 0.5173194488852375, 0.22729438930390986, 0.0, 0.24853102465005122, 0.36508138985285543, 0.21726454208902224, 1.0186147597099688, 0.4768007424097733, 0.491513601947075, 0.46309002183827236, 0.923974823611517, 0.31728043303428016, 0.9050657399381419, 0.6890465762795606, 0.9750723485112394, 0.44826134440947796, 0.8168542784599269, 0.7273984782007732, 0.6369637851942336, 0.8052986250385753, 0.8223489173149737, 0.8042427976157327, 0.5571688775175707, 0.21820029524244136, 0.3679654277735339, 0.5593149109538276, 0.7763079620564697, 0.07915519921425312, 0.39338212954852514, 0.39419727886933664, 0.499022107881009, 0.6358880612258683, 1.0617257427013331, 0.5844824183056734, 0.8118098420556751, 0.4787791493338201, 0.6922431335324155, 0.670910347125814, 0.2263662655517933, 0.5009927509806771, 0.9315030466361289, 0.22492818463417816, 0.8134476593546833, 0.2503918626626804, 0.28255906359961874, 0.39756479532366124, 0.9468539773673815, 0.5981965158464142, 1.0112861983990378, 0.7664038435162018, 0.22456708357523478, 0.6275094122876671, 0.1488428753873836, 0.736122720895951, 0.12890241891761603, 0.7274499016732047, 0.09225033208034865, 0.8029622749271929, 0.6231582423714659, 0.9748361007148741, 0.5620609550433132, 0.5891972005501885, 0.5044036877304717, 0.4034449954928936, 0.5072445877214132, 0.8781346011982776, 0.3781797908880911, 0.12922438871275269, 0.6229115739576221, 0.6627853970480297, 0.6042735358867822, 0.7528851868899229, 0.5544298254475163, 0.7051302636469583, 0.810324130299237, 0.4748930200359102, 0.3324309282477323, 0.7731640326931186, 0.21922164562589017, 0.6174442607107372, 0.16789841179312545, 0.2561478141900452, 0.8248805753315142, 0.826347308047773, 0.8782677336181575, 0.28076901628605144, 1.0027376172010862, 0.34181445720025255, 0.07003900220007987, 0.7507205153854328, 0.12076013780832125, 0.7813426019435842, 0.8178083380939615, 0.32185001029701754, 0.39918416620189334, 0.5063719356663908], [0.7489715907397713, 0.6795566689173687, 0.28591434041899155, 0.5672332693794, 0.5110830597522302, 0.10550192246981935, 0.24853102465005122, 0.0, 0.16863664880606621, 0.09770451627844064, 0.850845738068637, 0.4467003782168452, 0.25718300544812445, 0.5509557260444408, 0.8459100325910793, 0.5467532168180173, 0.718352136216873, 0.45556053761604615, 0.8331008104806954, 0.24342755163002638, 0.5942473293042155, 0.5066355838722629, 0.3945406387467266, 0.7356786666927736, 0.855773330725763, 0.7496395446818747, 0.4573125903045892, 0.09488050655007488, 0.27980419169554815, 0.3218972293353003, 0.5934198458260979, 0.31553277518235384, 0.5437350729827312, 0.5605789715877767, 0.4336548388137085, 0.6366358517652281, 0.9067266893056871, 0.6519952326287765, 0.6028083471721826, 0.5584802452020466, 0.4437548951515058, 0.4277953764102066, 0.4710970107792184, 0.42497756993531893, 0.8647439735793834, 0.4120494552143735, 0.8339295317972764, 0.2130147934339581, 0.43043409320176645, 0.2574517010859587, 0.7557295334330681, 0.3516340935421297, 0.8719884181025127, 0.8447701483222406, 0.026987739714572856, 0.4014036456411895, 0.3630768605323586, 0.7326491950157806, 0.16877607469451303, 0.48184017998494394, 0.339563361529566, 0.6815452061961731, 0.6806120025618032, 0.8614137243789897, 0.31718866519749783, 0.39445246917451765, 0.26265105819299667, 0.29189777809307565, 0.26990648105310205, 0.8019987043783803, 0.23944856662271632, 0.37679396396692355, 0.41486289925528463, 0.7279192810714933, 0.67711577139628, 0.5159653396366354, 0.5784670165761203, 0.6626317497722524, 0.7430383836134196, 0.5867298459177904, 0.2863818722608145, 0.5454772402613388, 0.197020222746125, 0.5285729052420921, 0.3842997581398691, 0.04621310241096443, 0.7119110771774894, 0.8345969029306443, 0.7181955112417612, 0.191886014322438, 0.8169886895310472, 0.4768134143457581, 0.22858164332809805, 0.7271500608213655, 0.3185287287634378, 0.5744200131633158, 0.5937829521168575, 0.5330683047633684, 0.31653813186139146, 0.3151368378852865], [0.6954797047670447, 0.537291108689347, 0.24290873239032035, 0.5926364527239191, 0.40574695781175135, 0.1380737825840488, 0.36508138985285543, 0.16863664880606621, 0.0, 0.14782780296187314, 0.683221486336938, 0.3348209002616303, 0.298297964023152, 0.5015617743914106, 0.6904285825413407, 0.6099860342785741, 0.5541981466127045, 0.46872365880364325, 0.6647241714232744, 0.0833352693257226, 0.45190099347059315, 0.3624092763619083, 0.3877503539921197, 0.5853155745305385, 0.7509869666011258, 0.6048771049039334, 0.3057632850920664, 0.14697824816681282, 0.16566382517530703, 0.21089145898377953, 0.4275828069110406, 0.4103304190801731, 0.5391468870606536, 0.5661770742487187, 0.3021716103495397, 0.5244746592329688, 0.7381869457233003, 0.579268880432444, 0.4486007052556404, 0.5027111340725389, 0.38914745816279717, 0.41471245405649676, 0.5612565293694844, 0.288416167791674, 0.712776921727038, 0.45330845313369345, 0.722770368395467, 0.18268906910845725, 0.440814257268585, 0.10883428427297333, 0.5931909817483415, 0.27440693185919574, 0.7037113068071662, 0.7675311050827783, 0.17309415335204134, 0.2646095631368901, 0.4326978766733468, 0.6128467302768362, 0.24332467403942892, 0.3903872475925163, 0.45560096729022814, 0.5166153297692537, 0.5993311802745164, 0.6965615179218491, 0.23377090158784533, 0.23071935038422847, 0.28044420312288715, 0.1555085703579103, 0.30019138647329247, 0.6478818892054075, 0.09781828657612424, 0.47961743814434266, 0.2589684508738636, 0.6483867334723111, 0.6059279964338458, 0.3962241727027736, 0.4847180527520331, 0.5263875744802242, 0.5933814019895278, 0.5498120891082842, 0.20369781870889556, 0.4095429534797853, 0.19355134936572735, 0.3777716460766083, 0.45194395732821574, 0.20811495067888808, 0.5484880085764304, 0.7168451259452683, 0.5496865631294213, 0.1335460523593533, 0.6529314616734052, 0.4702428426326533, 0.3166915619666663, 0.5973102526719439, 0.3872962794357349, 0.4187048858356866, 0.45303825375675194, 0.5785728949742125, 0.19487709669657, 0.14885867350273269], [0.6516245949293884, 0.5992079481478172, 0.18838024275938045, 0.48470484522372387, 0.4187334384515159, 0.01300686044777449, 0.21726454208902224, 0.09770451627844064, 0.14782780296187314, 0.0, 0.8165168407261011, 0.3571786639081381, 0.34326694302184746, 0.45349381505557185, 0.7738982008012746, 0.4803959014951852, 0.6948926587214899, 0.5381960282538004, 0.7854743248459953, 0.23107257874247503, 0.5996159645689875, 0.5101478317798701, 0.4697503698041729, 0.6601748002623711, 0.7611911820436594, 0.6701447403056218, 0.38730595737882734, 0.002886515949097965, 0.19872368048042982, 0.3474741953067938, 0.5667207892755232, 0.26610407455207474, 0.4523493429505097, 0.47186367799684314, 0.35197541646914393, 0.5447582305780294, 0.8658693224215787, 0.5544630547730065, 0.5955319264502464, 0.46082121461958525, 0.5012445032447003, 0.5014757175295171, 0.4200973054577936, 0.3461304275025871, 0.7895189848899868, 0.3335815762278611, 0.7407378497420636, 0.11597998612328957, 0.3415155226181578, 0.19806779439840486, 0.7353968695878738, 0.3963298892444863, 0.8233648492455653, 0.7472339178504299, 0.07693490810777504, 0.4109346438943814, 0.2977764953812391, 0.6422595987966262, 0.09971835198757353, 0.5218078524107777, 0.3080803438054752, 0.623589516604996, 0.5835190533804365, 0.8017928590341104, 0.35761869174013394, 0.3745924554579817, 0.34197123225946496, 0.2204846467445421, 0.35336896153260955, 0.7290424528484442, 0.17821545635432676, 0.3342607943662193, 0.4061933660691371, 0.6306209292521987, 0.5795051005776245, 0.5389822676580374, 0.48321317455482915, 0.5792429313360484, 0.6669353242164059, 0.4903024162415404, 0.19451039969028622, 0.5564189914726146, 0.09952608156411992, 0.4562305718441264, 0.31825850836168446, 0.14082820977950222, 0.6508621904110853, 0.7430747649892526, 0.6788632578922219, 0.10328216322170827, 0.7933160942855764, 0.3843563526242903, 0.17230147481062763, 0.6403393824369736, 0.2517742017521851, 0.5653216303629957, 0.6006314434858372, 0.45809288221967664, 0.23568109091216088, 0.29162880679698094], [0.9314625003186459, 0.4771593486093713, 0.7675455167937415, 1.0702674680396054, 0.6450866710306221, 0.8040505362596081, 1.0186147597099688, 0.850845738068637, 0.683221486336938, 0.8165168407261011, 0.0, 0.6239279825531264, 0.8480265179848825, 0.8405466226187334, 0.38291321714125454, 1.1557864277501009, 0.15554057152935546, 0.8798854274963515, 0.12558070262604856, 0.608604317227044, 0.37466611411951745, 0.41428184150764674, 0.8040325321220532, 0.4177399954154769, 0.7566595855454101, 0.46481031313571514, 0.4866690195299984, 0.8168047331424944, 0.6553240883733831, 0.5967120113868501, 0.26052381375132205, 1.0367816127803637, 0.9700712625657056, 1.0099223842748057, 0.5664131147566889, 0.6356875086462531, 0.08153132954377529, 0.8052413545574678, 0.30884464745107454, 0.8236275856640116, 0.6966485857279884, 0.8001016881586315, 1.1585430879598908, 0.5536302037866229, 0.4265234939844285, 0.9994253818951055, 0.7104873984889186, 0.7717774056359534, 0.9396772303086172, 0.6220224891115028, 0.14707921088227985, 0.6460085927938393, 0.1366157664705439, 0.8879096441490224, 0.856237892269881, 0.5033710432719796, 1.0248117219058808, 0.6220206108380578, 0.8899561141196837, 0.593983964656195, 1.0985343981540774, 0.27210894562592863, 0.7840503706508346, 0.24655539622321931, 0.6426197002307686, 0.45907256813557107, 0.8098337555178244, 0.6166710531561496, 0.8342660497856135, 0.3887568420822724, 0.6417637666660004, 1.1048931053062132, 0.4528280062642293, 0.8135500019674129, 0.8229182374830154, 0.49625635434237153, 0.6986307485070818, 0.5144650332211629, 0.4242294732024681, 0.8978850047378512, 0.7022447861783494, 0.42478722384713924, 0.8015855845179277, 0.4555270551288371, 1.0370373184104646, 0.8863349304471833, 0.2818252548035605, 0.6726823051208469, 0.14180877897438723, 0.7378477755024867, 0.09784047668988055, 0.9246229650936366, 0.9547306070136563, 0.5624451915017775, 0.9892028734618437, 0.3213614067765488, 0.3827089795511676, 1.098887379287053, 0.6299357062040989, 0.5357758646494772], [0.3959021415618174, 0.25686781628054817, 0.19661255094981253, 0.44666347418322994, 0.07170170331517763, 0.3459267083622194, 0.4768007424097733, 0.4467003782168452, 0.3348209002616303, 0.3571786639081381, 0.6239279825531264, 0.0, 0.6331013155550521, 0.23589354062123205, 0.44911555645006207, 0.5354287320286543, 0.5608295972125256, 0.7953498822541505, 0.5461426081847681, 0.3455394669825533, 0.5910970991295919, 0.5187095147751005, 0.7101792581869487, 0.32986772069397247, 0.41654828797059656, 0.327526642858673, 0.14814584118354715, 0.35944682310822673, 0.17220511267832786, 0.4830624522539553, 0.44828872971989736, 0.4633081731261093, 0.34908422006390416, 0.3883575241659026, 0.06718287876584438, 0.1915075834778523, 0.6440382017440207, 0.26478721218408485, 0.5427507179404232, 0.22505815067517093, 0.6827711896739945, 0.7328769470289853, 0.5544692396998437, 0.08731855463921918, 0.45482250237650235, 0.38623264536812923, 0.390210903308364, 0.24899749252680922, 0.3189575827864681, 0.23046176797018295, 0.606523850149031, 0.5654791369672187, 0.5766971089525775, 0.44112987120015523, 0.43190086512839687, 0.4740140550502887, 0.42904225803636004, 0.28595281046986304, 0.3693062987774728, 0.6453934957283992, 0.532829518961634, 0.3645504677806957, 0.2747913664134623, 0.516949598166121, 0.5279401976831143, 0.3602778140381008, 0.6138725312305614, 0.18140915513280423, 0.6344883253608614, 0.40333488957070307, 0.23740371214709316, 0.522477762740577, 0.41319163715635165, 0.3234111293217421, 0.291252300702377, 0.6045764037359296, 0.1550944544274874, 0.2294133525687354, 0.3343601679865934, 0.29542347132296, 0.16299836905718226, 0.5774856389033498, 0.2776797513133523, 0.169546221768386, 0.4362731656650018, 0.49278233300731145, 0.37523141023860407, 0.38831012628323436, 0.48590181521807313, 0.25532350169502804, 0.6436378445641481, 0.3007043245166207, 0.4068262258751629, 0.28403974272404253, 0.40408770985508763, 0.5135861471101411, 0.597072220284269, 0.4761995312520758, 0.13996675410175094, 0.3229557481287369], [0.9827814176916383, 0.8210749152660287, 0.5169456575714275, 0.8241058238515285, 0.7040289732319618, 0.34570684760158316, 0.491513601947075, 0.25718300544812445, 0.298297964023152, 0.34326694302184746, 0.8480265179848825, 0.6331013155550521, 0.0, 0.7853141281501428, 0.9524402832267579, 0.8010968996760486, 0.6961784762156449, 0.1988853959840801, 0.8682009811936529, 0.3080180936412204, 0.5096411698608673, 0.4407922630349833, 0.15029858275490451, 0.8586317648207579, 1.049012763235178, 0.8848290090447019, 0.5872544944374132, 0.3404474718019027, 0.4631674552077618, 0.2519809844725342, 0.5932320647237576, 0.5652723847343382, 0.7955673984023397, 0.814847447077638, 0.5974765829133907, 0.8221889244504442, 0.9186770368983106, 0.8729500000330457, 0.5504182521125153, 0.7894159542152764, 0.2402674450815613, 0.1845384573986045, 0.7178691712686691, 0.5820085962116237, 0.9808305297265973, 0.6692204854239951, 1.0200083319885167, 0.444872323796698, 0.68444535203029, 0.40460117393460115, 0.722046836743615, 0.21136731165533004, 0.9076579091828286, 1.0632676084397272, 0.2841643731250439, 0.3446673370247513, 0.6183957384330444, 0.9084925368584125, 0.4259285441600255, 0.32113958576110513, 0.5765801514928759, 0.7562223173279697, 0.8953449023596356, 0.9294240343486259, 0.20599616162387333, 0.41457393522117764, 0.03906390032725341, 0.4528683932343694, 0.01997312881357973, 0.9135502973055962, 0.3958102898565907, 0.6203118597017004, 0.40157846940061853, 0.9442242490696844, 0.8993095261053428, 0.3959837042777537, 0.7823653859225272, 0.8151600022647197, 0.867512056572353, 0.8276036212638866, 0.4942620996382551, 0.45313642667722215, 0.43865878547916237, 0.6569417740000796, 0.6396530317999983, 0.23635262129705487, 0.7930797468858045, 1.0125465967802632, 0.7386236110163884, 0.40659066605782335, 0.7876101462618863, 0.7273749701027254, 0.48352344696688415, 0.8889893808996422, 0.5746251986982369, 0.5307062000880188, 0.5053268468662074, 0.7899505007553385, 0.4931735911987603, 0.36955284029319596], [0.19827804946765742, 0.3986963911367631, 0.26873108055389955, 0.25159576811264767, 0.19607141128545627, 0.44725514114263104, 0.46309002183827236, 0.5509557260444408, 0.5015617743914106, 0.45349381505557185, 0.8405466226187334, 0.23589354062123205, 0.7853141281501428, 0.0, 0.5894435069811599, 0.37254361718394735, 0.7921278197546785, 0.968538699176418, 0.7481590190588945, 0.5406588160414847, 0.8251379448690223, 0.7498081712395072, 0.8891533639608772, 0.47861391514033347, 0.36848934120157995, 0.4534663475873026, 0.3831722528203985, 0.45635697430791716, 0.34493617158771006, 0.6872354189278053, 0.6832385971583024, 0.41254600240708145, 0.14448628308225095, 0.18297759845613407, 0.3030381752716586, 0.24167772762818127, 0.8491277748552616, 0.1235530810934094, 0.7785030086462478, 0.021452623785877808, 0.8827407286639182, 0.9162492690289584, 0.43519352093501995, 0.32278460436078693, 0.5782869011804349, 0.2736033530998137, 0.36889097396882564, 0.34183031365136735, 0.19406047344141011, 0.4199092238767298, 0.8375995573942739, 0.7647366385292096, 0.7732904231513028, 0.3048371494204742, 0.5279191460426672, 0.6948234445592081, 0.3488462272225923, 0.3249092035509229, 0.4095685552041445, 0.8601310085820266, 0.4785979965909544, 0.5705763119971103, 0.165269003661651, 0.6929201623924436, 0.7248236207543612, 0.5880191248819764, 0.7752211347472948, 0.3757732393711982, 0.7916366752831229, 0.5479287771534761, 0.4175932752747238, 0.44641917435469464, 0.6406791284606916, 0.20045380278166475, 0.1413697902029118, 0.8298387618136838, 0.15374137942270982, 0.35895774082156445, 0.4786888853965997, 0.05961679315989203, 0.29810034674453906, 0.8084670343284887, 0.3539814804295505, 0.3892157937765093, 0.3440429728791099, 0.5917392774710025, 0.5708109368041128, 0.39144092220712584, 0.7080379698217867, 0.37895663645746175, 0.8704470601263907, 0.1392039308001172, 0.4048793379541728, 0.3640861187457092, 0.35015605175370473, 0.7491555565508279, 0.8308093467925789, 0.3058373066002268, 0.33090295040013984, 0.5378982696236879], [0.614413317766996, 0.1969496749062402, 0.6430299735737574, 0.8406801558421085, 0.4256342961904037, 0.7611455441438089, 0.923974823611517, 0.8459100325910793, 0.6904285825413407, 0.7738982008012746, 0.38291321714125454, 0.44911555645006207, 0.9524402832267579, 0.5894435069811599, 0.0, 0.9544443032075988, 0.4489766525177343, 1.0556890910804637, 0.2573903774077362, 0.6490857190394445, 0.6315295147696565, 0.6165473365733585, 0.9686415450226683, 0.1193235178613467, 0.3909251467979436, 0.13601544915038594, 0.3886285111081951, 0.7754875566817528, 0.575758877318185, 0.7211435549212122, 0.4385230582510398, 0.9122714712452282, 0.7335379080965871, 0.7724080574199707, 0.42739552255958674, 0.34860121007133504, 0.3427972019625694, 0.510710645871276, 0.554488310237518, 0.5686319459339925, 0.8906279347300219, 0.9779684299480262, 0.9933881991967245, 0.4294297490699485, 0.044399169801620064, 0.8223053220304604, 0.34644378684987387, 0.6832116765836492, 0.7466287316328035, 0.5889973708041693, 0.47752755494545235, 0.7979894183214489, 0.25663964138666195, 0.5374514441205371, 0.839125404247776, 0.6528747456622334, 0.8744716076079886, 0.2887043085297697, 0.8093602187222093, 0.8073128277860084, 0.9819141538164783, 0.21104529610900477, 0.47700126272311183, 0.14281008006900384, 0.7754255270738148, 0.5468341446854627, 0.9209158715273852, 0.5552184300126977, 0.9456688764205052, 0.045846390920228686, 0.6065256857982803, 0.9700465736720398, 0.5778131406792911, 0.4911462531252847, 0.5198425479361409, 0.7220855131033574, 0.4360242144061172, 0.23360138604834108, 0.11566249875506443, 0.6361817422559515, 0.5957433153532161, 0.658629723053648, 0.7143016060341613, 0.3179521579621424, 0.8795634440255856, 0.8906811117451481, 0.17190014917920052, 0.3057346217361845, 0.32871374386810454, 0.6725272208182651, 0.46468647278223657, 0.7104249661258027, 0.853956248991261, 0.23366899493175022, 0.852332353254749, 0.544191260917504, 0.6405432240332347, 0.8893878489034462, 0.5392951845527411, 0.58302304624715], [0.47044729450619976, 0.7588989030480509, 0.404771251628052, 0.13462982041820296, 0.5339529842285794, 0.48447149415059837, 0.31728043303428016, 0.5467532168180173, 0.6099860342785741, 0.4803959014951852, 1.1557864277501009, 0.5354287320286543, 0.8010968996760486, 0.37254361718394735, 0.9544443032075988, 0.0, 1.0745942811668105, 0.9999220447854199, 1.0815530429877445, 0.6843424636264881, 1.041690888582419, 0.9543770629775253, 0.9412785372873519, 0.839041156481555, 0.7224131034539759, 0.8195743310839297, 0.6694585291843234, 0.48262368183003684, 0.5277777988218674, 0.8204929836102555, 0.9505005950355716, 0.23884229876256433, 0.2316375342999403, 0.19990158438716094, 0.5894867548367234, 0.6114834535129288, 1.1793102856157194, 0.4827708548985286, 1.0173047282151781, 0.3939934292840021, 0.981481061915106, 0.9744245369643952, 0.11623628797379267, 0.6022830106880572, 0.9470124752253752, 0.16270691470968576, 0.7317380493642235, 0.43509956085128754, 0.21658476585014827, 0.5906365441721438, 1.119792019003166, 0.8759216874025988, 1.111680266815031, 0.6137828878106237, 0.520116415552149, 0.8682711365554621, 0.18395841707003538, 0.6974476312194111, 0.3830428050927917, 0.9987736889272733, 0.2548978717711369, 0.8999540328411911, 0.5259404426876166, 1.0450490587227936, 0.8365573085451271, 0.7961068747223214, 0.8093173191149947, 0.5702452957855246, 0.8153193391489822, 0.9110684184831147, 0.5762588783687936, 0.20257526689747793, 0.8413862932889502, 0.5461555737427071, 0.4898498728447528, 1.0040936302595482, 0.5209723712033995, 0.7209622505593517, 0.8405271564416904, 0.34174298680627163, 0.47162017237359705, 1.00795186869255, 0.4175450816153879, 0.7047571484435384, 0.16289375265454656, 0.5650811471374543, 0.9091403634754698, 0.7588276465639703, 1.0153633004883682, 0.4842654561853242, 1.1651561988093537, 0.24408690411626108, 0.31820109254278667, 0.7352180926760484, 0.2294462110637688, 0.9859513094810034, 1.0447762874946678, 0.06690209387985945, 0.5413379283982737, 0.7207353099430626], [0.9123717091358537, 0.47985018683269276, 0.6739552724756228, 1.0029602624037917, 0.5976929309603336, 0.6830144599919956, 0.9050657399381419, 0.718352136216873, 0.5541981466127045, 0.6948926587214899, 0.15554057152935546, 0.5608295972125256, 0.6961784762156449, 0.7921278197546785, 0.4489766525177343, 1.0745942811668105, 0.0, 0.7244314238319342, 0.22580753587987062, 0.475004139582225, 0.22168059615432947, 0.2592656743754218, 0.6485439530325123, 0.4420837022661446, 0.7797418189961104, 0.49060248488171143, 0.413636546895974, 0.6948101608370119, 0.5543711680180438, 0.4463611598205336, 0.1287837492840895, 0.9318756801042924, 0.909246568484456, 0.9480316441265191, 0.4964799326219727, 0.6189969249461684, 0.23383257504387636, 0.779588255197326, 0.15336148242555606, 0.7779026264347055, 0.5413185396028947, 0.6445970046057, 1.0639573374105218, 0.4797864884023046, 0.4929696354354539, 0.913786031795192, 0.7340558260713937, 0.6659800943405013, 0.8623263365231962, 0.5086159940569425, 0.04572654850649831, 0.4917837071205256, 0.25704407437516913, 0.892884662201689, 0.7265272286824016, 0.3519896685552713, 0.9288079957207802, 0.6302506865772244, 0.7763765617882475, 0.43912020627379433, 0.9895098740310622, 0.270196132956838, 0.7661980912958761, 0.33884062008338844, 0.4902530694138101, 0.32405337981075577, 0.6576618509034214, 0.5129758182481735, 0.6818167459211466, 0.43885796180562703, 0.5275214329032325, 1.00145668150481, 0.3085561027400944, 0.8027798127824641, 0.800793342594674, 0.34150838232970576, 0.6649175348389172, 0.5105456844529391, 0.4507310868119833, 0.8514362226357309, 0.6068104802201103, 0.2698999470367327, 0.6938316417382675, 0.4049723373887867, 0.943114031209479, 0.7507487399028038, 0.298660937095463, 0.7007730703997125, 0.12082229663584723, 0.62664320242182, 0.09873980663378927, 0.856304174142108, 0.8449571102555126, 0.5741219287377671, 0.8898062103549199, 0.166604086416762, 0.23009885900737242, 1.0224615289691719, 0.5350014984564705, 0.40537727958438224], [1.163852471400689, 0.9512047664826788, 0.7029809713507399, 1.021512100928139, 0.8670499149050082, 0.5393687984212904, 0.6890465762795606, 0.45556053761604615, 0.46872365880364325, 0.5381960282538004, 0.8798854274963515, 0.7953498822541505, 0.1988853959840801, 0.968538699176418, 1.0556890910804637, 0.9999220447854199, 0.7244314238319342, 0.0, 0.9266764108708703, 0.4514914692490026, 0.5090671326741065, 0.4691361696599982, 0.08819147184622476, 0.9759648103619717, 1.204457866669652, 1.008734848273759, 0.7234079647685158, 0.5354451084818566, 0.632958087742437, 0.337267238334258, 0.6483297650161561, 0.763641925592286, 0.9889417661807464, 1.0098735827855811, 0.750295444044879, 0.9777823551503461, 0.9576610007965363, 1.0475515154564674, 0.5710702521370137, 0.9707077597522606, 0.18364288249134372, 0.08031502126779048, 0.9153458549458305, 0.7323697711527355, 1.08931691211907, 0.8672969119768055, 1.1715412456222667, 0.6331338900721516, 0.8796230426272206, 0.5654344463337424, 0.7390803427516683, 0.25772611208305257, 0.9644807302292099, 1.2341409717103606, 0.4825438428978817, 0.40468844177475893, 0.8172804552105738, 1.0562364471959373, 0.6240685811897199, 0.2881704387410355, 0.7723535091008755, 0.8481841841927787, 1.0660483678994859, 1.0078489487364855, 0.2834778053967864, 0.5103174389445962, 0.19645470184275074, 0.6144520156962024, 0.18574910731710403, 1.0215111923714344, 0.5611503176119538, 0.8173370706809989, 0.4782925162440462, 1.1151591056344863, 1.0742791323517424, 0.3852510783221155, 0.9490944159546997, 0.9520169205431966, 0.9854353034726272, 1.0141252229866209, 0.6719329808066847, 0.4558481510437059, 0.6303821915280237, 0.7875575021877217, 0.8385378359242441, 0.4349554557120436, 0.8870711990908455, 1.159225674980678, 0.7949416759388888, 0.5908350160515541, 0.8029782257333982, 0.9202221365904539, 0.682407354442216, 1.0289265442272544, 0.77345760713841, 0.5611729524205058, 0.5020158558337622, 0.9885916951084635, 0.6582169527537498, 0.49396710194859383], [0.8229554369799894, 0.3669217287691975, 0.7094027716496283, 0.9869205405387086, 0.5562000476390546, 0.7725876850805986, 0.9750723485112394, 0.8331008104806954, 0.6647241714232744, 0.7854743248459953, 0.12558070262604856, 0.5461426081847681, 0.8682009811936529, 0.7481590190588945, 0.2573903774077362, 1.0815530429877445, 0.22580753587987062, 0.9266764108708703, 0.0, 0.5987597904519558, 0.44155075137750444, 0.45850528036506527, 0.8454109961372129, 0.3006616307432099, 0.6353168414608515, 0.3460071553055063, 0.4228335903740744, 0.7861940912084603, 0.6071333197526482, 0.6174579761410264, 0.2792584755258254, 0.9842249628255559, 0.8835735932684089, 0.923643079755875, 0.495880079329756, 0.5301202001310485, 0.10137003062226259, 0.7011078627676597, 0.36669991289054876, 0.7299213553847679, 0.7470717932608726, 0.8463779876440091, 1.095157292160548, 0.48667373833588434, 0.3009444133044438, 0.9304277490327748, 0.5893178236976779, 0.724816045488684, 0.8650973202525131, 0.5874312260218327, 0.24037606727053057, 0.6789490237499931, 0.03964678859579381, 0.7707370311157224, 0.8345576785352743, 0.5299952801629886, 0.9641930044793527, 0.506314795715725, 0.8484549784379534, 0.6496333386529127, 1.0492938362851794, 0.18159924517070597, 0.6765563670275673, 0.12260614062276567, 0.6681355422017153, 0.4584969701662071, 0.8316311018412518, 0.5725272353178723, 0.8566838517062992, 0.2650579617911309, 0.6073180094632987, 1.050103716917699, 0.46670314009516944, 0.7026769055725149, 0.7168865202195864, 0.554161186859907, 0.6004343683657012, 0.4060213708345939, 0.30619400025155236, 0.8035293133561959, 0.6474928357547564, 0.4834398022327622, 0.7558580277835729, 0.37719463020368654, 0.9744444698647596, 0.8724925162133224, 0.17748446641412954, 0.5507210263358533, 0.13186129302423052, 0.6972040684051988, 0.21283364719361209, 0.8437534298612981, 0.908174075439584, 0.4464823896776934, 0.9321163389747273, 0.3690250108739064, 0.4503959583558985, 1.0216596894105814, 0.5771704792521546, 0.5247337138267963], [0.7279943452609624, 0.5131827590731142, 0.29942429397616505, 0.6575413178876586, 0.4170445327080021, 0.2210442054399989, 0.44826134440947796, 0.24342755163002638, 0.0833352693257226, 0.23107257874247503, 0.608604317227044, 0.3455394669825533, 0.3080180936412204, 0.5406588160414847, 0.6490857190394445, 0.6843424636264881, 0.475004139582225, 0.4514914692490026, 0.5987597904519558, 0.0, 0.3691099003908726, 0.27960887000502715, 0.3652851465897352, 0.5515343160441074, 0.7531621252327172, 0.5768631402556595, 0.2796208102220614, 0.23027189792319355, 0.19578668899127397, 0.14764550641910512, 0.35014374048048097, 0.4917472913143693, 0.5954010515800915, 0.6253443569632329, 0.2988376435533676, 0.5263267928618324, 0.6670788163846203, 0.6043540923514902, 0.36550715512368376, 0.53874334562881, 0.3424711823852618, 0.3873591619423008, 0.6409471264194885, 0.2811747941509072, 0.6754331443862506, 0.52492980644872, 0.7209900316881973, 0.2504136196842552, 0.504496492881947, 0.12097556422909261, 0.512875506213314, 0.22431074332001377, 0.6381928157522946, 0.7863852453645866, 0.25194977376145605, 0.18462561091505117, 0.5104084916366026, 0.606728817715383, 0.32529612628950555, 0.3258523511655479, 0.5385002885118181, 0.4622812329962431, 0.6191147029842032, 0.640798817363359, 0.18490699951600045, 0.1