{"station": ["0", "1", "2", "3", "4", "5", "6", "7", "8", "9", "10", "11", "12", "13", "14", "15", "16", "17", "18", "19", "20", "21", "22", "23", "24", "25", "26", "27", "28", "29", "30", "31", "32", "33", "34", "35", "36", "37", "38", "39", "40", "41", "42", "43", "44", "45", "46", "47", "48", "49", "50", "51", "52", "53", "54", "55", "56", "57", "58", "59", "60", "61", "62", "63", "64", "65", "66", "67", "68", "69"], "Depot": "0", "adjencyMatrix": [[0.0, 0.6518833881989318, 0.8054716453359252, 0.2554078473131685, 0.4927985403270512, 0.4842623547692444, 0.6155041816060433, 0.16809672904052025, 0.46938430650964863, 0.8442596286925134, 0.26101020396258945, 0.8172605396353548, 0.9288793827326813, 0.6887456755807154, 0.3634189780552023, 0.815702027703234, 0.5660419041407393, 0.11833343248873725, 0.5834731391857608, 0.598726444837916, 0.2933885951605707, 0.31781863761046547, 0.7223842295125628, 0.24867460899775054, 0.12538485685192535, 0.43577149428492384, 0.20373925161645126, 0.47024434168658275, 0.5636567372473656, 0.287363952919217, 0.4161577264917504, 0.5515456208453786, 0.6561246231847674, 0.11045287623188461, 0.3790952451131586, 0.3687480267917184, 0.507735471668239, 0.5301073280742525, 0.8893527445802458, 0.1726937242847266, 0.15478518972007405, 0.5280161063234003, 0.6204444083501043, 0.2763287762673836, 0.2549881977126598, 0.20984411208807882, 0.12460841974362996, 0.09717624656889362, 0.2729744115634392, 0.6278827246105021, 0.5351766564972739, 0.7277722807457008, 0.22957622520733695, 0.2770942130261198, 0.7515121710091701, 0.4698498787554324, 0.7860980146948041, 0.8086791881809846, 0.7552339077263158, 0.4286136793299634, 0.06790769808321263, 0.2073450312333907, 0.418392886277469, 0.5128458197650327, 0.6546698420656479, 0.8246545520873665, 0.4442268344132593, 0.2346904255778016, 0.1369625906883174, 0.5314836235535779], [0.6518833881989318, 0.0, 0.7064818480802508, 0.7286433472380697, 0.28506274532342507, 0.6891256734403098, 0.2681688991336796, 0.8122526768981206, 0.6334861199328501, 0.38938422620721785, 0.3999416225450348, 0.5227755061496091, 0.2848553347278767, 0.6779411678266026, 0.4424952032655297, 0.41078186480416995, 0.62031704378543, 0.5454829566215812, 0.1877689525121229, 0.14185970643892068, 0.5682989039895538, 0.3790140729526664, 0.20210870751580914, 0.5427372355652439, 0.7746861600976077, 0.37206779208368584, 0.7463335907898234, 0.21462955317257204, 0.34874787204310104, 0.8168533920667377, 0.5669225517540298, 0.6853819709641253, 0.47307100724614326, 0.5470086761384282, 0.39712896343479337, 0.5533820623233872, 0.7396504194742946, 0.5506887368658044, 0.29341137765845593, 0.5932139888970708, 0.573120164663717, 0.43113582995685223, 0.08215016259085009, 0.6325680892738815, 0.5461576856129933, 0.49095299169464335, 0.7643053753622292, 0.7304866076676623, 0.543702072657631, 0.33812490292733705, 0.14477647795412688, 0.15722021174173856, 0.6634981215362864, 0.8755632167619473, 0.184240845034999, 0.4202395841257645, 0.244027853087248, 0.15683165746395752, 0.10372490220711278, 0.6950560790807446, 0.7165460147285762, 0.4480386934284482, 0.42748726006977955, 0.6268383301462132, 0.6109682522368278, 0.19759330753552373, 0.21787895742757696, 0.844149263183834, 0.6483455908365778, 0.5962287874510988], [0.8054716453359252, 0.7064818480802508, 0.0, 1.040845975908372, 0.47314241100364474, 1.1759914625314378, 0.934437998506687, 0.8607571826686219, 1.1334014901111165, 0.43481316224285665, 0.7507045211286948, 0.2416259481008117, 0.8959138832328679, 0.12701994020297666, 0.46852954428336113, 0.3770486990188212, 0.2438592267939526, 0.7943545155608281, 0.8464018836055668, 0.5676039409471925, 0.9758043730358532, 0.8102962768621802, 0.5402126890216589, 0.9223199388978178, 0.8573889039245062, 0.44321640938418233, 0.7023201159626832, 0.7710291386994945, 0.9761871208052679, 0.6991754830716453, 1.0571337174543878, 0.28980090639207984, 0.23582133934208613, 0.7813560686431951, 0.8936682322542304, 1.0169887492457772, 0.38048216379698124, 0.27679553401666585, 0.9723884935834631, 0.6339755998132682, 0.6510376066417721, 0.32919964071242364, 0.7683646353011421, 1.0071484691517774, 0.5507191391617133, 0.833766849732076, 0.9164437076411305, 0.8982172445889751, 0.9419039072968193, 0.9985003824109435, 0.7568413004705002, 0.8630930628180599, 0.6075014797116715, 0.8065816620875704, 0.8890153381081163, 0.3807410459256308, 0.9489937991230181, 0.7647784994495552, 0.7353337177894478, 1.1448851962241227, 0.8598964189578631, 0.6846428484703693, 0.4223140817688393, 1.1545009229224426, 0.15140701433066905, 0.8678951065636408, 0.6198484857941231, 0.8095914311425935, 0.6845869883742198, 1.1448333311889762], [0.2554078473131685, 0.7286433472380697, 1.040845975908372, 0.0, 0.661943437960208, 0.2716676858841102, 0.5926060171152319, 0.33478932672353234, 0.28108436747208077, 1.00769234735621, 0.34971845097172044, 1.0184320363655195, 0.9724738956361052, 0.9301232426386732, 0.5777994020814833, 0.990534548131314, 0.808274162217098, 0.2490378827900348, 0.5980344141282182, 0.723767907525432, 0.17550369332769503, 0.3498965878541124, 0.8547602035773669, 0.18644726325066327, 0.29546563103925694, 0.6311362300036789, 0.44666213782373276, 0.5158991417507098, 0.5098355333933965, 0.5214800059195109, 0.26496817162578024, 0.8016625224078789, 0.8662145800507204, 0.26068314189530634, 0.3490925642855524, 0.23421896422600139, 0.762547305391289, 0.7641767114423954, 0.8994107913319173, 0.4217417598139953, 0.3974018784062494, 0.7383933768873007, 0.6717202841978893, 0.1094701717996977, 0.4950363221741119, 0.24771703460387845, 0.21069216714377037, 0.1981986929271737, 0.1899449056400182, 0.5756526393749386, 0.587781901080458, 0.752373733701012, 0.48498362135578577, 0.4741821545292519, 0.7693962157016063, 0.6794560898458724, 0.7861345525189856, 0.8784203970028259, 0.8292205275032153, 0.20789164547807776, 0.2340965098754191, 0.3700918968261628, 0.6300095852762361, 0.33024831772673446, 0.8895071021181314, 0.8612919270478228, 0.5636245202699394, 0.43184653999642664, 0.3923671813613055, 0.3639597020490593], [0.4927985403270512, 0.28506274532342507, 0.47314241100364474, 0.661943437960208, 0.0, 0.7323129267780523, 0.4670647183182891, 0.6253323665310541, 0.6840835899068755, 0.35240516450021336, 0.3201881604298277, 0.3675117156533251, 0.5521073357946976, 0.4149533783996085, 0.17614226274738234, 0.3293208855905146, 0.3402102169981036, 0.42226225778072496, 0.38115980400194116, 0.15532245565783256, 0.5494645314016818, 0.35961450780409754, 0.2450107729130809, 0.5025776374057258, 0.5979326716996115, 0.09193232395728626, 0.5194253424061043, 0.2979083234092675, 0.5031797229458025, 0.5754012566593548, 0.60749506573385, 0.40136838266526836, 0.24379401809748713, 0.41548110669908733, 0.43321921269615704, 0.5734672285751724, 0.4550889304947691, 0.26951093642749613, 0.578394061420107, 0.3740099869789704, 0.36568738840747855, 0.15590956748763282, 0.321334456976736, 0.5967221162988486, 0.30294555747065566, 0.41982055488936204, 0.6171961709031545, 0.5874313670758698, 0.5164216525722659, 0.5282898885718537, 0.28972647888197767, 0.4347363240626187, 0.42201659874184194, 0.6531693977702753, 0.4631855262052511, 0.13533839617252008, 0.5208416341991127, 0.4095079650231803, 0.360467875382938, 0.7126854894305403, 0.5604398564042656, 0.29798027950184997, 0.14673470499314228, 0.6981283047635795, 0.3496982644513193, 0.48015012561247294, 0.14706956785148226, 0.6301332395058243, 0.43688152990335133, 0.6830934302432523], [0.4842623547692444, 0.6891256734403098, 1.1759914625314378, 0.2716676858841102, 0.7323129267780523, 0.0, 0.46969567896903835, 0.5997310365128466, 0.05604469470525994, 1.0395048361076704, 0.42535193556581075, 1.0991667877917302, 0.872862547305158, 1.081480147290103, 0.7113143919054469, 1.037688250430864, 0.9664657913988574, 0.4170978769185865, 0.5145020270941751, 0.7371031726892713, 0.207646725713207, 0.37279040657275797, 0.861699352422166, 0.262922873296112, 0.5571513465201048, 0.7354265317736409, 0.6878135972264741, 0.4856684644067459, 0.3718078412445102, 0.7697640310178361, 0.12670741640773756, 0.979199576945381, 0.9683255592062374, 0.4328548093615124, 0.3064364357850226, 0.15969046178866844, 0.9607992744230636, 0.9094527518166349, 0.7712754665968672, 0.6198976368276831, 0.5893582237014467, 0.8503303534555571, 0.6136673641496864, 0.20798010231874864, 0.6714654800618907, 0.3486601118519692, 0.47684121484378506, 0.4577391759803229, 0.23980844598935563, 0.42418966315340806, 0.5470691332548441, 0.6543307456240034, 0.7000398609322009, 0.7371158622329206, 0.6622265339642146, 0.7957717034862919, 0.6585841893508029, 0.8142312905692247, 0.7745020462718609, 0.06414501738633026, 0.48702887767009273, 0.49858632329276154, 0.7540276820533688, 0.084779684154835, 1.0296007799705862, 0.7638104227757255, 0.5977890392235038, 0.6938012327453776, 0.6115252440355948, 0.12848287511707032], [0.6155041816060433, 0.2681688991336796, 0.934437998506687, 0.5926060171152319, 0.4670647183182891, 0.46969567896903835, 0.0, 0.7831607522941578, 0.41442768950384307, 0.6571334579189139, 0.3649598979963256, 0.777600268981856, 0.4032156570124306, 0.881892328967912, 0.5644372814712897, 0.6753739049772995, 0.7988093889910648, 0.4971798192224458, 0.08867553720719804, 0.3785433294823331, 0.4171238053434526, 0.29791918627080244, 0.4693038530884676, 0.41719593890658196, 0.738795057118745, 0.5275881414360856, 0.7713823671786724, 0.18578236768549936, 0.09808891855575773, 0.8545159689695285, 0.3647010380490399, 0.8481545386519147, 0.6991312920667218, 0.5062062752487672, 0.24968120016987005, 0.37094413165527446, 0.8778997643472256, 0.7284065872392109, 0.3096844687534244, 0.6305828175630308, 0.6014862086397127, 0.6223474071338355, 0.18669937858926525, 0.4839329828826011, 0.6196602466849854, 0.40987692005624715, 0.6991027241475, 0.6657451847695445, 0.40601532330075757, 0.07000916496121819, 0.1778753143725331, 0.18616558630472105, 0.7171568581348918, 0.8825261934793329, 0.1925319549126255, 0.5900678143411748, 0.19533951948239658, 0.3560648123601527, 0.3258195748812369, 0.49353454513759204, 0.6668637544200445, 0.4556383627455808, 0.5750097604812024, 0.39426534745152036, 0.8167596969133065, 0.294334346874496, 0.3295782039441962, 0.8433203134051588, 0.6678633677811171, 0.3565326837170866], [0.16809672904052025, 0.8122526768981206, 0.8607571826686219, 0.33478932672353234, 0.6253323665310541, 0.5997310365128466, 0.7831607522941578, 0.0, 0.5968719180364904, 0.9687683969667905, 0.42817209039175547, 0.9146806179254702, 1.0923457890739066, 0.7361971937126761, 0.4708282836099056, 0.9337193489268564, 0.6170646246668108, 0.28625742066740406, 0.7513621436419861, 0.7470873366610808, 0.43445955748642456, 0.485749137305268, 0.8649054757779079, 0.39915009592702155, 0.04607204868699743, 0.5542966897384266, 0.16195692290008631, 0.6372293765006448, 0.728535951447328, 0.20688089223235442, 0.5558184833808796, 0.5811004049525289, 0.7500177534086963, 0.2784679407094315, 0.5436133742693325, 0.511159053278834, 0.5129910137403937, 0.5989241107187774, 1.0565298028931875, 0.25653970756848476, 0.259856197974727, 0.6275416493695382, 0.7853029640084709, 0.39876245558061396, 0.34123370905608247, 0.3751428745337433, 0.1241057828364052, 0.1427627446427632, 0.4212656570441509, 0.7935248700768723, 0.7008263153616928, 0.8945189926915481, 0.2538780159801964, 0.1395907070464027, 0.9186362340419683, 0.5736339031886749, 0.953983438351731, 0.968515287666063, 0.91479106111246, 0.5379842629623253, 0.12218252711565863, 0.3642144476300455, 0.5238508822663157, 0.6439718173005491, 0.7160508929853612, 0.9896773580218197, 0.5993157056142342, 0.09836232068093533, 0.19346497076999639, 0.6691214245931344], [0.46938430650964863, 0.6334861199328501, 1.1334014901111165, 0.28108436747208077, 0.6840835899068755, 0.05604469470525994, 0.41442768950384307, 0.5968719180364904, 0.0, 0.9863956484250799, 0.3833177852479903, 1.0500513943403342, 0.8176433447393943, 1.0418636457847983, 0.6717007848712911, 0.9857106458084179, 0.9286708094806886, 0.39113752914153654, 0.4584573456027844, 0.6838145957008193, 0.180168915889187, 0.3256754989256524, 0.8075449463905373, 0.23361560049163332, 0.5527869832067805, 0.6912805441330694, 0.6728488808693773, 0.43134018035271904, 0.31672968843515636, 0.7566661639417144, 0.076747092774435, 0.9449526221195287, 0.9221914341978436, 0.4069470816178575, 0.2544415751275318, 0.11800898244793713, 0.9311424966024879, 0.8698554022841971, 0.7174732374434557, 0.5940266810945974, 0.5626988722010746, 0.8062074302438406, 0.5577544478173666, 0.19826254782317101, 0.6400636956326293, 0.3146712637343618, 0.47647385052875474, 0.4541099108407201, 0.20899170107025292, 0.37057623949720636, 0.4918295501783644, 0.5986802703921988, 0.6770403975534633, 0.7316860444462246, 0.606918270932728, 0.7526982660364459, 0.6043811059817839, 0.7581902456679546, 0.7184936779029124, 0.09172154047170478, 0.4798855486812838, 0.46224752456811546, 0.7124713803329639, 0.04918479639412344, 0.9884312848318415, 0.7083362721512675, 0.5472121727360479, 0.6880913736502656, 0.5909981472253613, 0.08721519061032225], [0.8442596286925134, 0.38938422620721785, 0.43481316224285665, 1.00769234735621, 0.35240516450021336, 1.0395048361076704, 0.6571334579189139, 0.9687683969667905, 0.9863956484250799, 0.0, 0.6590741787088549, 0.19485502468413515, 0.4848203860369749, 0.4758577305078621, 0.4992983467145977, 0.05892412824691155, 0.4942804850732787, 0.7734458688668986, 0.573523037330018, 0.3026307115523674, 0.8788129138711158, 0.6798218535277653, 0.1879642124731824, 0.8377423984261582, 0.944889549347676, 0.4144753838830794, 0.8459637362937208, 0.5569529189971543, 0.7321186257851721, 0.8863714072341362, 0.9129181939945683, 0.5745278316364756, 0.2800861242591556, 0.7672962869298724, 0.7332691010094357, 0.8876190026421068, 0.6635791478580704, 0.45092647177124984, 0.5855714238573019, 0.7127379174913154, 0.7097991182400448, 0.3601679176565738, 0.4704362825663806, 0.9331223606889352, 0.6317403120021359, 0.7611712130937835, 0.9688337257448729, 0.9395056205240939, 0.8477212913403764, 0.7271426070436826, 0.5061852752365855, 0.521651368533046, 0.7424108985204824, 0.9775061630586488, 0.5409880470255929, 0.40319650941845997, 0.5966361652357648, 0.37504073330384596, 0.3656335131559094, 1.0315692929115523, 0.9115997411378728, 0.6497372125725522, 0.44891149226691357, 0.9893084406982516, 0.42204327674988307, 0.4865897228893356, 0.449895892053273, 0.9608614822112476, 0.776248822725408, 0.964563233041877], [0.26101020396258945, 0.3999416225450348, 0.7507045211286948, 0.34971845097172044, 0.3201881604298277, 0.42535193556581075, 0.3649598979963256, 0.42817209039175547, 0.3833177852479903, 0.6590741787088549, 0.0, 0.6859153985307649, 0.6704850936728491, 0.6589118103675061, 0.28928798339361306, 0.6447283730677827, 0.5475907995955485, 0.14717365589315334, 0.32392621642087743, 0.3752090072506318, 0.23076957838395032, 0.07887058733392052, 0.5058936285442288, 0.18240881862023192, 0.38638393000866583, 0.3108055474315187, 0.40687479157918477, 0.2092345719205366, 0.3321016955763031, 0.4909364145278719, 0.3077085110148414, 0.5705185862240378, 0.5460892872522656, 0.15125929616098074, 0.16825885041507876, 0.2663295673891503, 0.5707235019342766, 0.4870565202248986, 0.6284251985572977, 0.2720368974393775, 0.2410722718538869, 0.42547510333007865, 0.36110520148175873, 0.27669140297794953, 0.28323776734738615, 0.10219311147534786, 0.36574824765194675, 0.3316854162634324, 0.19719427642390977, 0.3899358398640478, 0.2750966813905879, 0.4667680595574485, 0.36116965473703927, 0.5184742306781631, 0.490554535734078, 0.3704398008608117, 0.5263363429166972, 0.5560937760377179, 0.5035932636189114, 0.39761605666408806, 0.3213955273653447, 0.0986734654614308, 0.32918214198360923, 0.4079635482960445, 0.6051214666753751, 0.5647110889742447, 0.21436787511139221, 0.4802263513155795, 0.3036526253823337, 0.40478400746299165], [0.8172605396353548, 0.5227755061496091, 0.2416259481008117, 1.0184320363655195, 0.3675117156533251, 1.0991667877917302, 0.777600268981856, 0.9146806179254702, 1.0500513943403342, 0.19485502468413515, 0.6859153985307649, 0.0, 0.6707800664724702, 0.3016789578478065, 0.45387818664497676, 0.1392335783266452, 0.35320628193418024, 0.7713586723207788, 0.6894418607060702, 0.399250298083016, 0.9162367777292201, 0.7268289567723016, 0.33145995564582326, 0.868073801679662, 0.8992164031149402, 0.38782449736641755, 0.7724528923755053, 0.6413526910876787, 0.8375631506728011, 0.7956117040338857, 0.97372026356541, 0.42972404238771494, 0.1647474865337129, 0.7617417754450224, 0.7970770678288811, 0.9407207486201123, 0.5251728615836991, 0.3325560814326397, 0.7604422145280064, 0.6618796595866793, 0.6678363899857588, 0.2897498924750401, 0.5963021136752898, 0.9611096472538301, 0.5748763680130738, 0.7831590902982035, 0.9395422822639187, 0.9144156014267221, 0.8829310271014703, 0.8461437081190861, 0.6078074177524295, 0.6723601808619993, 0.6682922756870999, 0.8962717162202675, 0.6955273782121427, 0.3474260089261775, 0.75431515649153, 0.5488936036784963, 0.5281668903542458, 1.0801819281735225, 0.8809760211601354, 0.6483869561376371, 0.3988864452045143, 1.0616608531353953, 0.2609423209942215, 0.6576085451262521, 0.5041685761564443, 0.8876600993694012, 0.7227158780303127, 1.0436575653919544], [0.9288793827326813, 0.2848553347278767, 0.8959138832328679, 0.9724738956361052, 0.5521073357946976, 0.872862547305158, 0.4032156570124306, 1.0923457890739066, 0.8176433447393943, 0.4848203860369749, 0.6704850936728491, 0.6707800664724702, 0.0, 0.8989398646693514, 0.720645923694385, 0.5332203866518462, 0.8657966551162545, 0.8176585304906991, 0.3751164488018121, 0.3968417485448801, 0.800874541815434, 0.6337402810233952, 0.36023789981177756, 0.7874051254538706, 1.0532368688577134, 0.6434051183246124, 1.031137228877788, 0.46559831544706703, 0.5010635502019724, 1.101523141695304, 0.7657525327089512, 0.9382267137196536, 0.6831348078272227, 0.8210725267263713, 0.6242657062405534, 0.7665667684451186, 1.003381740408881, 0.8002398724020802, 0.13435335165361031, 0.8780308501220517, 0.8575918809069518, 0.6793525054467098, 0.30951223720765403, 0.8680491221956917, 0.8298923116014025, 0.7515525899529326, 1.0359137382757224, 1.001768318890275, 0.7825912203544275, 0.45358528829041883, 0.3959496744801808, 0.22214023513802444, 0.9478861277077466, 1.1599642095092189, 0.2108008560925349, 0.6822480466055583, 0.22264153172603907, 0.14329676393282503, 0.19204371862541425, 0.8955834163711237, 0.9914942416892155, 0.7289952836764205, 0.6987079258859463, 0.7962494141876539, 0.8338777737075327, 0.11155432887362535, 0.5026792818848326, 1.1279346251679208, 0.9327030650281682, 0.75701491209844], [0.6887456755807154, 0.6779411678266026, 0.12701994020297666, 0.9301232426386732, 0.4149533783996085, 1.081480147290103, 0.881892328967912, 0.7361971937126761, 1.0418636457847983, 0.4758577305078621, 0.6589118103675061, 0.3016789578478065, 0.8989398646693514, 0.0, 0.3702634657573853, 0.41714953699909296, 0.12270633683703185, 0.6870632732207782, 0.7960799289555771, 0.5360834535881324, 0.8774887784895058, 0.724422839860864, 0.5388055006417689, 0.8229610096354222, 0.7344767999200524, 0.3641838718263783, 0.5767920348691374, 0.7078681417858361, 0.9125233107493332, 0.5721739046410214, 0.9665913565349814, 0.16291752559658096, 0.21599529391229833, 0.673291129674898, 0.8114332656488633, 0.9242270962531047, 0.25517093707060123, 0.1720542795861241, 0.959680280319403, 0.516211551600794, 0.5355868729483506, 0.25965040482057067, 0.7297676119189397, 0.9038327243216263, 0.4358903568553503, 0.734735800894593, 0.7962914365399502, 0.7795687878330391, 0.843893265393357, 0.9420298545950289, 0.7046786797276151, 0.8347351239717625, 0.4838873515125385, 0.6796189679749559, 0.8621325034835186, 0.29921721374922333, 0.9217469162330907, 0.760506328793811, 0.7238611075865129, 1.046296720554306, 0.7406017710164724, 0.5842651423075137, 0.3314728760278877, 1.066525100715975, 0.06697291868555003, 0.8556679107655746, 0.5559172401210802, 0.68307058394976, 0.5638801429006667, 1.0604860135445147], [0.3634189780552023, 0.4424952032655297, 0.46852954428336113, 0.5777994020814833, 0.17614226274738234, 0.7113143919054469, 0.5644372814712897, 0.4708282836099056, 0.6717007848712911, 0.4992983467145977, 0.28928798339361306, 0.45387818664497676, 0.720645923694385, 0.3702634657573853, 0.0, 0.4629015197538038, 0.25870268527900264, 0.32899568412104274, 0.48910382626826604, 0.32737191459619897, 0.5083181253602583, 0.35811293636554453, 0.4195016798894399, 0.4543164017794218, 0.4501020297975019, 0.08838088269771588, 0.3492535508230619, 0.37897154559049195, 0.5723406814984381, 0.4003339456274529, 0.5966673101575799, 0.28994093168259477, 0.29324104399183015, 0.31713679708877923, 0.4474263560374453, 0.5539896045010072, 0.3137801704502473, 0.19821012745076597, 0.7327375054526923, 0.2142886354824966, 0.2154644928550022, 0.1647364417458846, 0.45873285690269866, 0.5386820478343189, 0.13278139287602161, 0.3657943613907308, 0.485820576662065, 0.46055431425264926, 0.4745455842691884, 0.6139375680766479, 0.40183271443892504, 0.5784438710872486, 0.24846456842191741, 0.48249513299445757, 0.6069684327591568, 0.10645351611009952, 0.660514166769453, 0.5798068036299467, 0.528710492683065, 0.6773977753706699, 0.427270598852674, 0.21613392376395998, 0.05499557506994389, 0.697250821462329, 0.31935076390905176, 0.6400719715545085, 0.2440133499447384, 0.46287455760191165, 0.27755299550166207, 0.693047401822446], [0.815702027703234, 0.41078186480416995, 0.3770486990188212, 0.990534548131314, 0.3293208855905146, 1.037688250430864, 0.6753739049772995, 0.9337193489268564, 0.9857106458084179, 0.05892412824691155, 0.6447283730677827, 0.1392335783266452, 0.5332203866518462, 0.41714953699909296, 0.4629015197538038, 0.0, 0.4389720993611682, 0.7513829662618342, 0.5894326958838728, 0.30678220349063134, 0.869209517460807, 0.6720249864681338, 0.20994401245615235, 0.8257174069064693, 0.9118882504619745, 0.381275474994474, 0.8056832291527979, 0.5608242617730674, 0.7449940116992585, 0.842317484510882, 0.9109988409323655, 0.519107885645011, 0.22517111530237363, 0.744204793866542, 0.7314023926027459, 0.8830639752114604, 0.6094664309268573, 0.39868655057658553, 0.6277399014301249, 0.6771828102182197, 0.6764699903418576, 0.3152544150885886, 0.4894994716531727, 0.9208448863405149, 0.5940706876025668, 0.7461266558544857, 0.9402365626604919, 0.9119203403866342, 0.8372660310014625, 0.745162440851093, 0.5159334693521217, 0.5518806736803866, 0.7014581330284106, 0.9359234113653087, 0.5730661371722533, 0.36256622545991096, 0.6303933173331228, 0.4160021611128412, 0.40053415893498623, 1.0261455483298165, 0.8824014071271918, 0.6269212978246076, 0.41056117323810043, 0.9915442269249327, 0.36409533204134015, 0.526476200478487, 0.4417775881527034, 0.9211077930021989, 0.7404369502072358, 0.9690088944217021], [0.5660419041407393, 0.62031704378543, 0.2438592267939526, 0.808274162217098, 0.3402102169981036, 0.9664657913988574, 0.7988093889910648, 0.6170646246668108, 0.9286708094806886, 0.4942804850732787, 0.5475907995955485, 0.35320628193418024, 0.8657966551162545, 0.12270633683703185, 0.25870268527900264, 0.4389720993611682, 0.0, 0.5667144000704236, 0.7161370798584271, 0.4808753543398638, 0.7609531128828152, 0.6166753666363983, 0.5126760487297404, 0.7060409567510627, 0.6136135681493459, 0.2714189982382003, 0.4594958811630172, 0.6183794131344644, 0.8199419711249814, 0.46257706530814735, 0.854263102653488, 0.080256099561967, 0.21419437191812782, 0.552659422154365, 0.7055591280224697, 0.8107099098528854, 0.17252576334810568, 0.07086514396645174, 0.9108193558203471, 0.3935087065869114, 0.4130256756611878, 0.18940815168934189, 0.6615382453134151, 0.7847343780559506, 0.31355492508812577, 0.6183465259431634, 0.6740390800576976, 0.6569866611943443, 0.7276364834153527, 0.8549880215629017, 0.6248157565867781, 0.7736594270338406, 0.3636514935685829, 0.5687100870246614, 0.8019053183433363, 0.2090294418986818, 0.8602275338261695, 0.7234594888331498, 0.6809752927468616, 0.9291887147744581, 0.6181221564905685, 0.4679619871942734, 0.22856643149069059, 0.9554252688632173, 0.1032873858581469, 0.8090300512737274, 0.46925725087848325, 0.5687590084738919, 0.44173272843449374, 0.9517359836090703], [0.11833343248873725, 0.5454829566215812, 0.7943545155608281, 0.2490378827900348, 0.42226225778072496, 0.4170978769185865, 0.4971798192224458, 0.28625742066740406, 0.39113752914153654, 0.7734458688668986, 0.14717365589315334, 0.7713586723207788, 0.8176585304906991, 0.6870632732207782, 0.32899568412104274, 0.7513829662618342, 0.5667144000704236, 0.0, 0.46633294307259393, 0.5072929349651242, 0.21120693412304972, 0.19950798091638802, 0.6354586935566059, 0.15781499522381875, 0.24262511648810198, 0.3835476338387904, 0.2978381401294188, 0.35519289022852757, 0.44706073000255303, 0.38439385169284773, 0.32751483404197246, 0.5689787679884212, 0.6174876279163806, 0.015818060840369984, 0.2634539168965827, 0.27928510702584086, 0.5443028013132756, 0.5184539524669749, 0.7733358239275372, 0.20310236716546332, 0.17227228394634808, 0.4894591688965307, 0.5082646455450677, 0.2200583935343815, 0.25855375717659035, 0.09554200866407563, 0.21893166289674534, 0.1850212762089752, 0.18281712831346533, 0.5106324114326733, 0.42216367419778106, 0.6125711032002724, 0.28642728536931017, 0.39075391640769414, 0.6356900087756543, 0.43047987314520214, 0.6688641986888091, 0.7020725212283906, 0.6492069271460458, 0.3705270963650466, 0.17467369688083667, 0.1245535422812622, 0.38097512396418276, 0.4293782630276039, 0.6433646149092886, 0.7117036449160852, 0.34763260404161955, 0.34958645289171825, 0.20427378712402358, 0.4411222680218215], [0.5834731391857608, 0.1877689525121229, 0.8464018836055668, 0.5980344141282182, 0.38115980400194116, 0.5145020270941751, 0.08867553720719804, 0.7513621436419861, 0.4584573456027844, 0.573523037330018, 0.32392621642087743, 0.6894418607060702, 0.3751164488018121, 0.7960799289555771, 0.48910382626826604, 0.5894326958838728, 0.7161370798584271, 0.46633294307259393, 0.0, 0.29022706202364235, 0.4257683309018158, 0.2699480744123492, 0.38559524978016085, 0.41419055188550563, 0.7086557068505694, 0.44589429123402496, 0.7228243215963387, 0.12030237266499985, 0.16103270682643192, 0.8033485177176056, 0.39830633528469245, 0.7682933113653372, 0.6109141748602859, 0.4730235285517174, 0.24925824960611673, 0.3939272973665624, 0.8027803767308691, 0.6454468435266045, 0.30868737293859677, 0.5763689321137253, 0.5491860648937198, 0.5369229024154192, 0.10587715475321326, 0.49297519725338945, 0.5558994143831844, 0.3881244922351651, 0.6784962207903112, 0.6444570086091462, 0.4080955271459128, 0.15673967381069864, 0.09156162628429164, 0.1543846636086288, 0.6599962089114074, 0.8405290425194631, 0.17307694195318812, 0.5071087114497137, 0.20262645170763302, 0.2998043262878451, 0.2609545720398813, 0.5286709196633772, 0.6403015581326791, 0.40518776896777553, 0.49527785862024404, 0.4463833744379659, 0.7305527776801081, 0.2636326035603282, 0.2485200478368347, 0.8032806862527203, 0.6193593560622356, 0.4130638594545124], [0.598726444837916, 0.14185970643892068, 0.5676039409471925, 0.723767907525432, 0.15532245565783256, 0.7371031726892713, 0.3785433294823331, 0.7470873366610808, 0.6838145957008193, 0.3026307115523674, 0.3752090072506318, 0.399250298083016, 0.3968417485448801, 0.5360834535881324, 0.32737191459619897, 0.30678220349063134, 0.4808753543398638, 0.5072929349651242, 0.29022706202364235, 0.0, 0.5828339698084453, 0.3832177206090904, 0.1310493154107246, 0.5457786309690245, 0.714488501130929, 0.24694248448187078, 0.6582487643452312, 0.2548373004035719, 0.44042474129822784, 0.720645379038852, 0.6106217907722659, 0.5484010299403985, 0.33280391249291885, 0.5047280747456238, 0.4311704907778354, 0.5866091205350077, 0.6081475133108282, 0.41207997646981753, 0.4299695435210347, 0.5073425488231891, 0.49307837649930397, 0.29147474729856804, 0.20158966229505415, 0.6406708031184459, 0.4462210147126302, 0.47631330576383835, 0.719459414810948, 0.6871480981641868, 0.5531727380600948, 0.4468998996982979, 0.2103355254202216, 0.2988012614703219, 0.5660947090889338, 0.791140824492122, 0.3260623957449608, 0.28666398381974306, 0.3857544874355417, 0.25419121938459105, 0.2054980254297795, 0.7308364507822277, 0.6662310969115318, 0.39192797715935623, 0.30203327356273235, 0.6869390013064409, 0.46911062515480584, 0.32887769505214975, 0.1610635267356301, 0.7643142902253015, 0.5676380117801356, 0.6630586284901188], [0.2933885951605707, 0.5682989039895538, 0.9758043730358532, 0.17550369332769503, 0.5494645314016818, 0.207646725713207, 0.4171238053434526, 0.43445955748642456, 0.180168915889187, 0.8788129138711158, 0.23076957838395032, 0.9162367777292201, 0.800874541815434, 0.8774887784895058, 0.5083181253602583, 0.869209517460807, 0.7609531128828152, 0.21120693412304972, 0.4257683309018158, 0.5828339698084453, 0.0, 0.19965693047888675, 0.7129916683329144, 0.055320020542179216, 0.388822345972114, 0.5402468433170348, 0.4954697545861104, 0.35366940219139303, 0.3352445962599561, 0.5803595473890919, 0.12299335461453854, 0.7718283719107897, 0.7764567568283468, 0.22702498392697315, 0.17674594410004174, 0.0767574370895037, 0.7535100896091671, 0.7057703062186252, 0.7244539080632512, 0.41427886206921816, 0.3831992640747355, 0.654244967410556, 0.5055114989351225, 0.06735814450859265, 0.46382220531119966, 0.14275584755483978, 0.3220004484299339, 0.2942713019379887, 0.033955569472239266, 0.40149092618067017, 0.4244528755859202, 0.579655809060405, 0.49687356536618793, 0.5636927076213469, 0.595695294673428, 0.597844744249139, 0.6109362996355026, 0.7131969237838298, 0.6659078870907142, 0.16911347358544818, 0.3132700878218245, 0.2932625312246471, 0.5536230097146154, 0.2205678757369488, 0.8276046128395395, 0.6894004356723178, 0.42893671059076416, 0.5201424133949079, 0.41115402785274957, 0.23821008396311158], [0.31781863761046547, 0.3790140729526664, 0.8102962768621802, 0.3498965878541124, 0.35961450780409754, 0.37279040657275797, 0.29791918627080244, 0.485749137305268, 0.3256754989256524, 0.6798218535277653, 0.07887058733392052, 0.7268289567723016, 0.6337402810233952, 0.724422839860864, 0.35811293636554453, 0.6720249864681338, 0.6166753666363983, 0.19950798091638802, 0.2699480744123492, 0.3832177206090904, 0.19965693047888675, 0.0, 0.5135569864006683, 0.16519972460471077, 0.4418432034292414, 0.36715361743182984, 0.4797942509791973, 0.16899110746393495, 0.2559100597510542, 0.5649362693404255, 0.24892856566050026, 0.6439108972561258, 0.5965191128598426, 0.2082870917584512, 0.09074969309848219, 0.21389332121238047, 0.6477645402952693, 0.553608195692232, 0.578544388646989, 0.3495896283892565, 0.3181702876046512, 0.4818018095582901, 0.32643832467054024, 0.2585482221128519, 0.3617641549049512, 0.11857307474776761, 0.4085502705415927, 0.374523143821196, 0.17021900563926795, 0.3160861814181422, 0.2405863681351561, 0.420582207105269, 0.4389906990031471, 0.5857721348234478, 0.4419340743642157, 0.42990302344978715, 0.47150674818266447, 0.5306850438852058, 0.48044161215842723, 0.3547653047285528, 0.3715094511406192, 0.17751027740713324, 0.39297378145658374, 0.3442239813414618, 0.6680064419720576, 0.5245823130285047, 0.2304325745958073, 0.5459726037499439, 0.3775519656762266, 0.3360715624686757], [0.7223842295125628, 0.20210870751580914, 0.5402126890216589, 0.8547602035773669, 0.2450107729130809, 0.861699352422166, 0.4693038530884676, 0.8649054757779079, 0.8075449463905373, 0.1879642124731824, 0.5058936285442288, 0.33145995564582326, 0.36023789981177756, 0.5388055006417689, 0.4195016798894399, 0.20994401245615235, 0.5126760487297404, 0.6354586935566059, 0.38559524978016085, 0.1310493154107246, 0.7129916683329144, 0.5135569864006683, 0.0, 0.6766604615216303, 0.8346508768522519, 0.33186395739122965, 0.7643432883328589, 0.3762195024887212, 0.5445975118675459, 0.8197548082464796, 0.7358148581816083, 0.5885198234115304, 0.322915554547289, 0.6320955350079565, 0.5573947820335211, 0.7140391891689651, 0.6623750115403666, 0.45103280181895705, 0.4329835660789412, 0.6175223344950136, 0.6069260435869985, 0.3334899433144431, 0.2826161990443531, 0.7714331431173344, 0.5479510222052499, 0.6072264783504773, 0.8446848123858692, 0.8129629842775433, 0.683692123285801, 0.5393085585014268, 0.32078633463297707, 0.3427351243212231, 0.666846922076869, 0.8980749729968638, 0.3648720556600661, 0.3510222443683054, 0.4231948544669731, 0.22470126934716683, 0.19744431076576646, 0.8582961749966459, 0.7902173550523249, 0.5172932696119132, 0.38167849667533726, 0.8075473179220888, 0.4740715793825675, 0.3288585842429203, 0.2915359652799336, 0.8743954164770058, 0.6797554688464114, 0.7810246663930767], [0.24867460899775054, 0.5427372355652439, 0.9223199388978178, 0.18644726325066327, 0.5025776374057258, 0.262922873296112, 0.41719593890658196, 0.39915009592702155, 0.23361560049163332, 0.8377423984261582, 0.18240881862023192, 0.868073801679662, 0.7874051254538706, 0.8229610096354222, 0.4543164017794218, 0.8257174069064693, 0.7060409567510627, 0.15781499522381875, 0.41419055188550563, 0.5457786309690245, 0.055320020542179216, 0.16519972460471077, 0.6766604615216303, 0.0, 0.35309805901774527, 0.4889489405338041, 0.4478166579237104, 0.329507093642025, 0.3440860245834014, 0.5335254574531062, 0.1705069932937172, 0.7165135547918629, 0.7257281619412571, 0.1735864389694823, 0.16808487013554538, 0.12227649585871593, 0.6985580871557711, 0.6513947759638855, 0.7191338125529169, 0.36044116616573124, 0.3290837359303486, 0.602359548565889, 0.48531930287807784, 0.09538263265246863, 0.40858628830629057, 0.08855709400047196, 0.29423371622690103, 0.2636642457023286, 0.025140604468576227, 0.41082080123976233, 0.401363926869791, 0.5685055091485479, 0.4441883393700376, 0.5234459600156377, 0.5866869025037859, 0.5454438305555414, 0.607172352867045, 0.6919799878193622, 0.6429052041281897, 0.22333597970582048, 0.2769706566575925, 0.23871455471193742, 0.5004500682644916, 0.27166392884688356, 0.7736671296458646, 0.676536131869104, 0.3884989045608266, 0.48021073010302723, 0.360134886791865, 0.2852237012644924], [0.12538485685192535, 0.7746861600976077, 0.8573889039245062, 0.29546563103925694, 0.5979326716996115, 0.5571513465201048, 0.738795057118745, 0.04607204868699743, 0.5527869832067805, 0.944889549347676, 0.38638393000866583, 0.8992164031149402, 1.0532368688577134, 0.7344767999200524, 0.4501020297975019, 0.9118882504619745, 0.6136135681493459, 0.24262511648810198, 0.7086557068505694, 0.714488501130929, 0.388822345972114, 0.4418432034292414, 0.8346508768522519, 0.35309805901774527, 0.0, 0.5309468899408525, 0.17225344584392535, 0.5956180687796649, 0.6830689512734448, 0.2323508468856149, 0.5104760481687082, 0.5832739622821765, 0.7350644921231488, 0.23569576032433684, 0.49816005719421, 0.46555678862751954, 0.521101558273236, 0.5903555423229144, 1.0147362591094389, 0.23742173107532094, 0.23542477063934777, 0.6103215249101571, 0.7452819892659386, 0.35453644860736916, 0.3243586028056322, 0.33004464726962257, 0.08659552063255502, 0.09941816693889431, 0.37527725919592836, 0.7482175361377831, 0.6602627785100685, 0.8531321069876949, 0.25075782916228095, 0.18001630593415002, 0.8768970278606836, 0.5548190619533245, 0.911262861859623, 0.9312874288948362, 0.8776726534035103, 0.496021377560044, 0.07612805008219341, 0.3272824277756213, 0.5041741291600933, 0.5995714537211257, 0.7103228883394426, 0.9495888745306361, 0.5638365489956281, 0.13693143408519406, 0.17711473299827643, 0.6240948375748426], [0.43577149428492384, 0.37206779208368584, 0.44321640938418233, 0.6311362300036789, 0.09193232395728626, 0.7354265317736409, 0.5275881414360856, 0.5542966897384266, 0.6912805441330694, 0.4144753838830794, 0.3108055474315187, 0.38782449736641755, 0.6434051183246124, 0.3641838718263783, 0.08838088269771588, 0.381275474994474, 0.2714189982382003, 0.3835476338387904, 0.44589429123402496, 0.24694248448187078, 0.5402468433170348, 0.36715361743182984, 0.33186395739122965, 0.4889489405338041, 0.5309468899408525, 0.0, 0.43728236852783325, 0.34720770747834767, 0.5500695214426932, 0.48843934782924414, 0.6147620310611346, 0.32314864484409334, 0.2371067449449368, 0.37396090728938697, 0.4508431809974972, 0.5758557618950206, 0.36832963140582026, 0.2014918452492263, 0.6652039558544941, 0.29851600685129165, 0.2955798965014283, 0.11494554144178408, 0.3996694890938436, 0.579205448664156, 0.22032011840828572, 0.4015642573280557, 0.5599819270492186, 0.5325896074929526, 0.5063502645781193, 0.5836448917287637, 0.3550583611251907, 0.5167574517971104, 0.3368448039466387, 0.5706841265959264, 0.5453759012667418, 0.06496984762452836, 0.6015126888483949, 0.5010853808275644, 0.45152265122686264, 0.7081989641223637, 0.5018455583759907, 0.2611148910544345, 0.055561876257006974, 0.7113771798873121, 0.30379358483575747, 0.5687911719162427, 0.19802746067551286, 0.5503744010630622, 0.3620560258912594, 0.7017767977453938], [0.20373925161645126, 0.7463335907898234, 0.7023201159626832, 0.44666213782373276, 0.5194253424061043, 0.6878135972264741, 0.7713823671786724, 0.16195692290008631, 0.6728488808693773, 0.8459637362937208, 0.40687479157918477, 0.7724528923755053, 1.031137228877788, 0.5767920348691374, 0.3492535508230619, 0.8056832291527979, 0.4594958811630172, 0.2978381401294188, 0.7228243215963387, 0.6582487643452312, 0.4954697545861104, 0.4797942509791973, 0.7643432883328589, 0.4478166579237104, 0.17225344584392535, 0.43728236852783325, 0.0, 0.6029667295524158, 0.7354067661821939, 0.08656840469197147, 0.6174984385582603, 0.4198762714166333, 0.6081229595573848, 0.28383419870853754, 0.5564964692378526, 0.5695841902756262, 0.3512677516963523, 0.44765457875431913, 1.0146156981466847, 0.15312791762973044, 0.1752872422547339, 0.4921624106215728, 0.7350820495494795, 0.47983359385428576, 0.2171274162787126, 0.3927882002004618, 0.2529923298701669, 0.2520559270457545, 0.47271435930410877, 0.7957130096078486, 0.6566126174903609, 0.8518734368738246, 0.10463715291333109, 0.13374524727397918, 0.878330539491534, 0.4432881444261836, 0.9214604704323703, 0.8979822900650702, 0.8444867067458721, 0.631338270668083, 0.2133399666013203, 0.31769457046972444, 0.3972204902494006, 0.7157172360462737, 0.5603148608856166, 0.9361406838117862, 0.528463192609035, 0.11569492261007146, 0.10364190358713597, 0.732708915406809], [0.47024434168658275, 0.21462955317257204, 0.7710291386994945, 0.5158991417507098, 0.2979083234092675, 0.4856684644067459, 0.18578236768549936, 0.6372293765006448, 0.43134018035271904, 0.5569529189971543, 0.2092345719205366, 0.6413526910876787, 0.46559831544706703, 0.7078681417858361, 0.37897154559049195, 0.5608242617730674, 0.6183794131344644, 0.35519289022852757, 0.12030237266499985, 0.2548373004035719, 0.35366940219139303, 0.16899110746393495, 0.3762195024887212, 0.329507093642025, 0.5956180687796649, 0.34720770747834767, 0.6029667295524158, 0.0, 0.20538843471429677, 0.6831421248691842, 0.3602696495307544, 0.6645082878772435, 0.5396008687329262, 0.36030661153006427, 0.1844725323625268, 0.3418728026840103, 0.6922083156630932, 0.5486956380628707, 0.4193066917992011, 0.4560730795904325, 0.4290098090195206, 0.4489162999501554, 0.15745110593570108, 0.41812821192427047, 0.4371168466753633, 0.28603827031148493, 0.571717223289568, 0.5375338057603734, 0.3293950147771931, 0.2367816452734382, 0.0719313884015187, 0.2575572246365228, 0.5398277726442356, 0.7220186947859593, 0.28140910904385247, 0.41118928002613, 0.3194640257485686, 0.3626088488496061, 0.31344904185978617, 0.4852975952623574, 0.5298629837009391, 0.2855734222351048, 0.39200341532095484, 0.43237035309037497, 0.6443735677406819, 0.3575559315254157, 0.1521669250812963, 0.6854591357970369, 0.4996290309038352, 0.4082870839550558], [0.5636567372473656, 0.34874787204310104, 0.9761871208052679, 0.5098355333933965, 0.5031797229458025, 0.3718078412445102, 0.09808891855575773, 0.728535951447328, 0.31672968843515636, 0.7321186257851721, 0.3321016955763031, 0.8375631506728011, 0.5010635502019724, 0.9125233107493332, 0.5723406814984381, 0.7449940116992585, 0.8199419711249814, 0.44706073000255303, 0.1610327068