{"station": ["0", "1", "2", "3", "4", "5", "6", "7", "8", "9", "10", "11", "12", "13", "14", "15", "16", "17", "18", "19", "20", "21", "22", "23", "24", "25", "26", "27", "28", "29", "30", "31", "32", "33", "34", "35", "36", "37", "38", "39", "40", "41", "42", "43", "44", "45", "46", "47", "48", "49", "50", "51", "52", "53", "54", "55", "56", "57", "58", "59", "60", "61", "62", "63", "64", "65", "66", "67", "68", "69"], "Depot": "0", "adjencyMatrix": [[0.0, 16.351432025424824, 14.061526847926496, 3.1085341811282783, 16.584747947893362, 26.968369790860507, 17.324373457365443, 43.74663516123079, 11.453411357659816, 26.780848429900146, 8.52135936943766, 6.665631395920708, 11.970987342194626, 3.6328891454434435, 30.554871910748528, 11.367512622522998, 3.6339973456993397, 26.453578054076935, 29.71985802640407, 8.30328695752203, 11.768908221406042, 7.364823121126953, 8.00617397578272, 37.434670374304545, 52.331206324000355, 25.929631094673056, 12.68283360907128, 15.168186433288458, 7.7405878821727265, 9.578123706542437, 6.340308284996521, 31.56993476355815, 17.427949785951974, 10.782866149313175, 14.091611032360667, 15.025226519838231, 12.383094794249018, 11.019085729657762, 19.072807070457397, 15.211248692702064, 7.996050828127456, 8.561827187970911, 13.063712441692811, 18.649661980877536, 9.037796780449671, 11.596392410471106, 19.518544715627797, 20.4968259772836, 17.229571983797033, 9.915446544299815, 14.23774291876093, 15.014133202787306, 57.71543840642743, 20.496806199587564, 5.74998870411191, 7.1109376794140795, 47.29622210210328, 9.905358896156727, 17.963611378356426, 9.374699075841935, 7.227688630260859, 8.992855608732238, 12.485977936569594, 15.04507057815602, 8.18067885809015, 23.465278729239156, 14.864233728263367, 6.771276616577197, 4.686667286377562, 15.623631436263878], [16.351432025424824, 0.0, 20.555548023747583, 19.27745230330069, 16.474983355904, 32.30518150730141, 31.34030670757208, 51.0109458467619, 15.278197312861996, 43.12028420076055, 20.112911791431188, 22.411996232216413, 24.79941742466012, 14.836645294147708, 39.648880018544375, 22.3300395976957, 13.334065707295414, 31.719273498456, 42.880061272697965, 13.928050399455334, 18.5809921537668, 13.45814190409003, 23.88803822892629, 46.24001991856936, 58.686429483416774, 42.1358485917911, 25.09684521879652, 1.3740520790619084, 11.207499815657602, 22.699326600552386, 18.198249267780817, 43.58967233139348, 29.739482623722402, 5.732482696696078, 27.897768051814893, 12.743101820293276, 4.360012275018641, 21.831464705331893, 31.570312727678335, 15.528324988117223, 10.713158221715574, 8.619186388963183, 3.952027232392449, 26.671310693232222, 25.269601480676638, 4.766280200774125, 22.641693251247606, 36.7062269449974, 33.534181156792556, 26.266172923558887, 2.616032125372538, 12.707810224253357, 72.14673880881895, 34.79251902436585, 13.628849707424745, 9.756623471824197, 54.68978488575836, 20.093408103430974, 26.22541531417415, 7.762204381687586, 20.94639173026303, 8.630559209433454, 9.136833282585798, 1.5192210684058591, 12.56865541739138, 39.720349114800825, 1.7333067884174849, 13.496857557799817, 13.455618001563092, 17.1637603487297], [14.061526847926496, 20.555548023747583, 0.0, 15.710304541479756, 6.994627722343295, 13.225156324535282, 14.154436525372972, 31.212721031915574, 5.281099053393821, 30.791722359031372, 22.53013296231962, 18.656192350782838, 8.447861727040364, 10.887258705504582, 19.14257207322725, 25.3211309120741, 15.932420347499122, 12.67314521438067, 41.51562552547821, 7.5714500805474705, 2.4424008713290797, 8.559840800956257, 13.77100673703422, 25.851731286954372, 39.42854811987641, 32.551659797662566, 26.172330931888233, 20.17892503456715, 10.516213934368338, 23.117158560693074, 20.40083387990618, 23.423480549189588, 30.56234778490565, 15.973911446585175, 11.446682068921396, 9.27348497212533, 16.588207692816546, 25.007870756496114, 31.989806458722487, 6.650005174887555, 10.90403201706748, 17.990903583871983, 16.734021377706622, 6.1231621737539275, 15.857696087222466, 17.15546513075973, 5.816134440414433, 27.77246359730523, 22.09753836894147, 18.056837306906623, 17.981673508982777, 9.299519430773255, 67.11764594497046, 31.91305981305618, 9.698477524503444, 16.963846336138655, 34.87495307403939, 23.964968040302534, 5.6727367516234, 13.808358401092915, 9.200546157269033, 12.836988109425944, 11.518902442048917, 20.144198207393085, 20.564541434262914, 26.761609790879067, 20.094789638746473, 19.646471636494503, 10.871578319414771, 5.332006389658738], [3.1085341811282783, 19.27745230330069, 15.710304541479756, 0.0, 19.114887812282024, 28.100443813400585, 16.22740414640914, 44.09318828910824, 13.909386685306607, 23.981363058941476, 7.209385902889965, 3.6077739387520786, 11.835701796756398, 6.377842913044302, 30.696164478382975, 9.794533588008933, 6.073930332170026, 27.618210404274603, 26.896244117046994, 10.94949104735434, 13.615019262884129, 10.118372216924069, 6.235141288355458, 37.506576858190165, 52.78209432997629, 22.894868302390854, 10.469186374032665, 18.051633293683537, 10.766180093987233, 7.407297655443718, 5.597966568434694, 30.82966669300894, 14.993622119055956, 13.80200908082734, 13.288728736794372, 17.86720295340148, 15.415334046313914, 9.550062161421026, 16.53996783649097, 17.783632980818293, 11.050506687356476, 11.139123282963151, 16.108851319430357, 19.555377093951915, 6.654600768950208, 14.554359618574868, 21.40296107648301, 17.46000244752656, 14.544721041770496, 7.091288457193548, 17.2507752772617, 17.85871036980169, 54.65836824424249, 17.55172209226387, 8.566919218231826, 9.745482904094139, 47.568685027989964, 8.865937760064424, 18.852637186712297, 12.471689936261434, 7.419432018244731, 12.101388456092483, 15.538332589341474, 17.92338105711002, 9.682960801985702, 20.819097659104465, 17.734718986541182, 8.140100269873315, 7.6378751721527625, 18.00967250211187], [16.584747947893362, 16.474983355904, 6.994627722343295, 19.114887812282024, 0.0, 15.92151856825854, 21.123901246962564, 34.653735552506085, 5.212880406205019, 37.39250538321033, 24.87082548406483, 22.563769266814642, 15.117237972955383, 12.952116064875856, 24.115803618802353, 27.74987828823708, 16.988105746582907, 15.339064327753775, 45.93609399293377, 8.288207538953722, 6.993750735942536, 9.285327275676647, 19.150988619038777, 30.34686992060425, 42.21606724564543, 38.69301978829077, 29.26671254324889, 16.53218363354606, 9.917136646748919, 26.162866349129274, 22.543373895380252, 29.65702228282377, 33.99796910558042, 13.484808038647717, 18.28167921288478, 3.731881535610725, 13.407096691775246, 27.350282041643847, 35.61052825079575, 1.414073248468897, 10.022617943176707, 17.003802844941216, 13.246883646981095, 11.935880964636363, 21.239960310641862, 14.473355436694234, 6.26629371151525, 33.662293572750535, 28.348904262402804, 23.280701930781607, 14.203177771706228, 3.767173131650644, 72.73634105756273, 36.44939793526375, 10.911901585358192, 16.475373010532838, 38.32389754063938, 25.984035979584455, 11.760937294613006, 11.837001950242223, 14.433197985583194, 11.080305470356045, 7.733450673756206, 16.544881662677497, 20.721876738810014, 33.401154392374636, 16.565911656171778, 20.28078824320972, 12.117824818861664, 1.6695948177406281], [26.968369790860507, 32.30518150730141, 13.225156324535282, 28.100443813400585, 15.92151856825854, 0.0, 18.809507759943457, 18.73257683235451, 17.887449059420742, 35.9767114333329, 35.219633717990796, 30.475834636135737, 17.377923755377306, 24.03312385869707, 9.954516957509679, 37.89244676097252, 29.1232949097081, 0.5862949669075097, 51.7491218341006, 20.699025677446787, 15.667330901204602, 21.731047514990415, 24.373235989558697, 14.958841553879354, 26.48478858245285, 39.49301878783565, 38.295759831922965, 32.23297184788052, 23.531707968640735, 35.38203172740556, 33.23490241465825, 18.06923918158382, 42.26502833505746, 28.569882615291288, 18.419632369171257, 19.619320436822747, 28.86073805298733, 37.63237641139363, 43.4724657975365, 16.777847255850215, 23.86714809614756, 31.096736247272826, 28.833390272750567, 8.632077500157479, 26.161255620517792, 29.692553790373537, 9.673423877802668, 35.79269711084761, 29.580172199967475, 28.354820059329708, 29.917575447322083, 19.65435123943705, 74.44643679382173, 42.306920542110134, 22.922903289794306, 30.137679529585895, 22.40453181737532, 36.76426226517494, 9.333205702878525, 26.547347439734548, 20.79547111975647, 25.617597379406313, 23.268246891210705, 32.22875514570306, 33.78901624326552, 32.09664412534681, 32.223729040054884, 32.84935801759564, 24.094506069279223, 15.146494810802613], [17.324373457365443, 31.34030670757208, 14.154436525372972, 16.22740414640914, 21.123901246962564, 18.809507759943457, 0.0, 30.006957825818457, 17.795802405412378, 17.555663782322718, 22.767991278429776, 16.532287756857464, 6.627086349153453, 16.922553875534145, 16.620232026036312, 24.662957205751887, 20.883473456862216, 18.597436076834466, 33.84233470320572, 17.678309954682533, 14.536092994076789, 17.947415359854855, 10.09171717130088, 22.831303259204834, 38.790082947187805, 20.689485646712598, 23.796248929294975, 30.50261360140896, 20.150031165231535, 21.60519709353305, 21.696231065790066, 14.713162617379016, 26.543004884473117, 25.73693195683851, 3.44656643515518, 22.805178235490562, 26.98112711866074, 24.61150741795408, 27.299013661614094, 20.594395689488465, 20.644047539488735, 25.343330327061782, 27.42713626405855, 11.772905212932278, 10.691695807102535, 26.87259345132239, 18.333200886186862, 17.134806911199345, 10.93382516774002, 12.269412542659186, 28.778406128319837, 22.82339924510551, 55.67854192966602, 24.844313548717178, 17.73610994223666, 23.909746622892285, 33.163639589994155, 24.510732229631003, 11.352896734512985, 23.591597696145147, 10.61186281845395, 22.70986618930386, 23.58163411394803, 30.41638910953761, 25.47635123379276, 13.544977803158895, 30.29005257371923, 24.009798560493213, 18.104501592897698, 19.454404032624726], [43.74663516123079, 51.0109458467619, 31.212721031915574, 44.09318828910824, 34.653735552506085, 18.73257683235451, 30.006957825818457, 0.0, 36.267201854536346, 42.81916788771757, 51.27126058658272, 45.59791806478391, 32.28577703315524, 41.38862069568021, 13.526182038415103, 53.63480107484803, 46.4806673230321, 19.315843567218863, 63.32902854380104, 38.774371011870734, 33.5883240094669, 39.728919811721596, 38.9508817181371, 7.386420204598934, 8.79283451847819, 47.91170634912804, 53.31675315504348, 50.894180783076976, 41.72857233569614, 50.76298697105055, 49.61963958731082, 18.173414980788287, 56.463732606750135, 47.052028962186746, 31.62359714394602, 38.35010749798483, 47.45724187268944, 53.475944824813695, 57.28901043985407, 35.49464243585587, 42.110840807715164, 49.166058775428006, 47.47133137783866, 25.414485435995765, 40.190585441847254, 48.20458112250824, 28.403260229568264, 45.99811190088836, 40.21893708196936, 42.0638785395463, 48.59065866190215, 38.38509608730956, 80.6998283112099, 54.71793320021193, 40.69503033864061, 48.067979222420284, 3.680680723515224, 52.95515275150395, 26.045139284924595, 44.950086422868466, 36.74547920119337, 43.99286567059179, 41.9305346864165, 50.88399604039036, 51.322277742787534, 39.870606782450245, 50.86972849675072, 50.19158452204394, 41.756674965928035, 33.84802020570637], [11.453411357659816, 15.278197312861996, 5.281099053393821, 13.909386685306607, 5.212880406205019, 17.887449059420742, 17.795802405412378, 36.267201854536346, 0.0, 33.04188660500673, 19.853622197034166, 17.3509953673324, 11.297813343689455, 7.836339605915414, 24.414325330308397, 22.730100344041162, 12.254065625078306, 17.31037503166376, 40.724686092043434, 3.2838251839485606, 3.465769420410009, 4.363733030221411, 14.2181141613063, 31.090813843670766, 44.32768054580621, 33.9399142858418, 24.128387939267334, 14.901582699345324, 5.712590562277285, 21.020405464295244, 17.555150735577648, 28.51224650619708, 28.826928637109354, 10.790559066999728, 14.600451904917696, 5.132011857773679, 11.323702692274189, 22.348353836383897, 30.423335910458285, 3.9324638865666444, 6.006848052365186, 13.283349952617316, 11.454760965173676, 11.403476316019521, 16.273402786519636, 11.95485207451047, 8.838000875195753, 28.795446855335378, 23.74238991070759, 18.240065999885097, 12.70082284437379, 5.144179617639685, 67.68388519677531, 31.24708162978143, 5.927764160028267, 12.448695051367167, 39.94178751406445, 21.055794588935157, 10.947436541205441, 8.689125837571178, 9.584608959549518, 7.7428948924838545, 6.307777431541282, 14.868654081160102, 16.436441913686636, 29.126999647416458, 14.82255423042205, 15.77286466490845, 7.17710508878064, 4.177310035151238], [26.780848429900146, 43.12028420076055, 30.791722359031372, 23.981363058941476, 37.39250538321033, 35.9767114333329, 17.555663782322718, 42.81916788771757, 33.04188660500673, 0.0, 26.56713977285168, 21.411310967218657, 22.3532335067178, 28.655652125143707, 31.144025640080258, 26.60746373143666, 30.0549915050087, 35.839941925476374, 23.011397878501988, 31.631925106606193, 30.40796376951613, 31.395988743964438, 19.533979818713288, 35.50585707295867, 51.0616927692551, 5.818366409709398, 24.022367018785783, 41.948947186208215, 33.08893987603413, 23.981692722498572, 27.114377773857015, 24.671267385003645, 23.37215645370221, 37.47595160502486, 19.43861329143635, 38.14583416382356, 39.0334709805118, 26.884576944642582, 22.87400452206804, 36.55365808779532, 33.52178397903721, 35.1163550674233, 39.67123613275889, 29.321489004542222, 17.904257010164873, 38.35605147779072, 35.644503980908134, 8.201124720212885, 9.62955119276293, 16.89733989691091, 40.91452226932721, 38.154629520109665, 38.71313815927601, 17.75036709542668, 30.43074426638198, 33.72656282877222, 45.17912990767209, 27.89879569784933, 28.878266925402112, 35.7917523160617, 23.62839641245451, 35.17619939084472, 37.56257309192923, 41.82591563862166, 32.99386320349994, 4.050353598634672, 41.644736928334275, 31.490657212561523, 30.12774182258155, 35.766907122028044], [8.52135936943766, 20.112911791431188, 22.53013296231962, 7.209385902889965, 24.87082548406483, 35.219633717990796, 22.767991278429776, 51.27126058658272, 19.853622197034166, 26.56713977285168, 0.0, 6.350595871473855, 18.98797473624813, 12.039970170771651, 37.838836108994386, 2.8793712686867003, 8.244774618606343, 34.725203505672575, 22.90904400332101, 16.612522049756592, 20.27615579305263, 15.588176690437603, 12.722148215385777, 44.61510743521258, 59.974759523660126, 23.90083703455645, 5.037429558857017, 18.744400429423457, 15.311245905009809, 2.801111867528344, 2.3514699696682175, 37.48054635803268, 9.857276795690227, 15.796361796392784, 20.131206725220785, 22.858714651843286, 17.333437948132744, 2.500637740125607, 11.663781587229977, 23.46975597576502, 15.39510530246226, 11.59099619322116, 18.073988070421265, 26.72344957583886, 12.228569934426726, 16.044325010341893, 28.03877381257586, 18.79686219981008, 18.219918205376466, 11.371359514451264, 18.843006262602756, 22.841750869456366, 52.034809199439955, 14.733238454595, 13.966629557689302, 10.77928601592548, 54.727610554128866, 1.7428261463469166, 26.02278502981559, 15.440708071798793, 14.627544260150444, 15.52450456319344, 19.604233692006364, 18.59986453525966, 7.669127814962698, 24.215218559403734, 18.386730665147283, 6.6175357537879, 12.753054358317158, 24.0296820710853], [6.665631395920708, 22.411996232216413, 18.656192350782838, 3.6077739387520786, 22.563769266814642, 30.475834636135737, 16.532287756857464, 45.59791806478391, 17.3509953673324, 21.411310967218657, 6.350595871473855, 0.0, 13.457781178949777, 9.971386456280435, 32.08877334379632, 8.152498806770184, 9.07893709485135, 30.026678347835166, 23.378562998426485, 14.488005622327929, 16.728698748845687, 13.692546483380156, 6.666141252036233, 38.76347293452156, 54.35725379867528, 19.76333293475248, 7.850581612693241, 21.1349098901274, 14.37045853328088, 5.170726316695966, 5.9497706373847015, 31.235590101682085, 11.924757845030241, 17.111884339252615, 14.102407835799033, 21.448116471863873, 18.736065217536854, 8.081443313700204, 13.335340065035584, 21.258290066414503, 14.6477620011047, 13.983696104091152, 19.448391671959087, 21.847690381006736, 5.897325611316328, 17.769481304294096, 24.440571912942904, 14.356895439689737, 12.387736920234959, 5.125556395905272, 20.529960787748127, 21.440389523353133, 51.05736701415516, 13.969624404229856, 12.16053826151134, 12.692801857169094, 48.97876405562204, 8.073160651508728, 21.144786730573497, 15.935673757017023, 9.73030823182871, 15.624363027235146, 19.137633229186537, 21.000700319900115, 11.58865755432522, 18.596852528736605, 20.80304541068323, 10.079572128488126, 11.245647272432027, 21.38835622726696], [11.970987342194626, 24.79941742466012, 8.447861727040364, 11.835701796756398, 15.117237972955383, 17.377923755377306, 6.627086349153453, 32.28577703315524, 11.297813343689455, 22.3532335067178, 18.98797473624813, 13.457781178949777, 0.0, 10.757622289949257, 18.861153210304714, 21.371986532423747, 15.265798617352539, 16.98611537856153, 34.529891299946044, 11.055468795145577, 8.224014658322758, 11.360592907508641, 7.034363933611296, 25.675475628829716, 41.004188829091, 24.207778825459833, 21.29448724997611, 24.009973065956572, 13.592314637879337, 18.57260062175426, 17.410402086633603, 19.724986131097992, 24.992105025140447, 19.26329116096351, 3.3060418637377165, 16.386576629264734, 20.44780040593023, 21.199304374259867, 26.134188983385098, 14.401099585352036, 14.086770524212417, 19.293946281666994, 20.867701819978848, 8.846815432159753, 8.785017005081688, 20.421299928529404, 13.661518465217428, 19.618604127401788, 13.745645795348503, 10.990323795375609, 22.219298401850782, 16.40216481411933, 58.98231767040577, 25.007003811393986, 11.275376273997477, 17.908348816223647, 35.74140559938314, 20.680205422425363, 8.180286478129759, 17.082251724208305, 4.7472607345937, 16.17639612883565, 16.959956589545623, 23.92965528953785, 20.08112668421785, 18.33188204370019, 23.812328516138063, 18.72694127773488, 11.785953152267156, 13.46772069289581], [3.6328891454434435, 14.836645294147708, 10.887258705504582, 6.377842913044302, 12.952116064875856, 24.03312385869707, 16.922553875534145, 41.38862069568021, 7.836339605915414, 28.655652125143707, 12.039970170771651, 9.971386456280435, 10.757622289949257, 0.0, 28.48293440804436, 14.910648241709078, 5.118566154804781, 23.49651250586581, 33.24965451643802, 4.6714411537274705, 8.494367003208662, 3.7602446346297, 9.162548421879885, 35.37435087677859, 49.84822244996104, 28.416254641154513, 16.314763267950827, 13.837155960919242, 4.588686347368738, 13.210828268296991, 9.770778275873672, 30.43343745668219, 21.0573238225009, 9.105784698325149, 13.500504359837722, 11.491911452317169, 10.550979235542478, 14.539383042382479, 22.692657130166356, 11.578630578771296, 4.961731462590005, 8.537530644025512, 11.1304328106903, 16.021239244905516, 10.780183792616908, 10.153736130886706, 16.109965132717363, 23.03148032099283, 19.02685372325929, 12.210605779645398, 12.432453837426666, 11.483006345882682, 60.95345485450546, 23.9295130079563, 2.1894585736309558, 7.167056918175478, 44.992387667322575, 13.310348802306397, 15.366576808524103, 7.195572349007512, 6.313205315315438, 6.524688943868949, 9.347665731264874, 13.735340574693693, 9.93366192880094, 25.079757917088582, 13.586628107040603, 8.85306923589121, 1.4750431667355919, 12.012226385207848], [30.554871910748528, 39.648880018544375, 19.14257207322725, 30.696164478382975, 24.115803618802353, 9.954516957509679, 16.620232026036312, 13.526182038415103, 24.414325330308397, 31.144025640080258, 37.838836108994386, 32.08877334379632, 18.861153210304714, 28.48293440804436, 0.0, 40.152598847602114, 33.49102159592729, 10.339717637233575, 50.30318661985379, 26.4589268098123, 21.324706481580932, 27.311213066873496, 25.43410658478472, 6.8939546172958, 22.311460668688195, 35.71120671729437, 39.792115387829575, 39.31555129578951, 29.4622951466874, 37.25727351008662, 36.260553799116394, 8.826723921239594, 42.9641982815383, 35.08064789977522, 18.09814198293656, 27.538585969971248, 35.73076660909682, 40.00561288772301, 43.82446143622305, 24.605359566977086, 29.890448763463006, 36.624900200460935, 35.86740255236899, 13.027992817856626, 26.666095101589644, 36.27022233559466, 18.07121133830595, 33.17169311079063, 27.17612432045563, 28.555855270345397, 37.09792246020693, 27.571337336161054, 69.77241812322717, 41.45038674558538, 28.06591584476714, 35.421097790746686, 16.897910734107505, 39.5381254481766, 13.543655176968025, 32.884629667919526, 23.4302137685793, 31.905802305490386, 30.53529717214311, 39.282977031661375, 38.36628371918303, 27.736881188180277, 39.235869416557534, 37.14946776873949, 29.02587825589396, 22.92433289405675], [11.367512622522998, 22.3300395976957, 25.3211309120741, 9.794533588008933, 27.74987828823708, 37.89244676097252, 24.662957205751887, 53.63480107484803, 22.730100344041162, 26.60746373143666, 2.8793712686867003, 8.152498806770184, 21.371986532423747, 14.910648241709078, 40.152598847602114, 0.0, 11.052221364883058, 37.407422292620815, 20.550021675002267, 19.491455134164042, 23.094879875142073, 18.467524601532478, 14.79522044039999, 46.870404639471545, 62.37051529639466, 23.36775672746445, 3.049024470401193, 20.95598751863379, 18.16300169405967, 3.1052787661116708, 5.215924277924696, 39.346738847460564, 7.409443026026704, 18.345528898380696, 22.241952874807254, 25.710256950038826, 19.83701533141792, 0.4985748923638056, 9.240273129982636, 26.348411245395205, 18.234021143000376, 13.98948088210115, 20.57231160161776, 29.34774554553251, 13.980837885449203, 18.495026575781594, 30.871421867926973, 18.563928137532283, 18.944218674931868, 12.743177907865281, 21.254065172429755, 25.692783211055513, 49.91574279689366, 13.010925639123268, 16.845953617363044, 13.327621720728551, 57.05039335851135, 2.2366314942647243, 28.644582803845086, 18.143525126779174, 17.181183696814458, 18.280345229381002, 22.390515004818514, 20.81081852928984, 9.761384180304319, 24.64121064108437, 20.596732809278215, 8.986397067216783, 15.632056175714643, 26.90664395158751], [3.6339973456993397, 13.334065707295414, 15.932420347499122, 6.073930332170026, 16.988105746582907, 29.1232949097081, 20.883473456862216, 46.4806673230321, 12.254065625078306, 30.0549915050087, 8.244774618606343, 9.07893709485135, 15.265798617352539, 5.118566154804781, 33.49102159592729, 11.052221364883058, 0.0, 28.581748115689557, 30.856568499552868, 8.977716247380004, 13.5081552764836, 7.891346904260244, 11.625885230086848, 40.38493034300103, 54.95973107637737, 28.812281766142412, 13.128972590376176, 12.06559564557558, 7.171498132080972, 10.230364256603178, 5.912469652730696, 34.96936383150087, 18.001125387867166, 8.129181216703389, 17.596037795820692, 14.694970009462622, 9.750023794074858, 10.607045247143198, 19.76976120684602, 15.57418784326569, 7.202938439456676, 5.068365252095127, 10.479065298430962, 21.13536070924624, 12.53693229396163, 8.707365689172258, 20.921140709030706, 23.387998720405268, 20.60069204950479, 13.164040928902393, 11.494586965579341, 14.676103836618816, 59.51953936341698, 22.069784962132132, 6.391641784101203, 3.6748407024472, 50.07491805971267, 9.098552550844055, 20.477168111735494, 7.328210726307069, 10.54150606617073, 7.311112119611161, 11.360650991627885, 11.93294709109483, 4.877413818628516, 26.86849770179965, 11.737866458345854, 3.7350295408300727, 5.144173964698045, 16.3475066527047], [26.453578054076935, 31.719273498456, 12.67314521438067, 27.618210404274603, 15.339064327753775, 0.5862949669075097, 18.597436076834466, 19.315843567218863, 17.31037503166376, 35.839941925476374, 34.725203505672575, 30.026678347835166, 16.98611537856153, 23.49651250586581, 10.339717637233575, 37.407422292620815, 28.581748115689557, 0.0, 51.40389638750133, 20.133447717814892, 15.114619971560186, 21.168124837043884, 23.964327931136967, 15.47996558408913, 27.06909452079356, 39.28676813958464, 37.838537078204396, 31.646689583930492, 22.959589083797383, 34.91427818414271, 32.72919353981315, 18.324109707767605, 41.83466136892359, 27.98702696642054, 18.110521921881904, 19.035152707141677, 28.275238657871835, 37.143658510313905, 43.05511278759839, 16.192127965002637, 23.29310483544756, 30.526732286548288, 28.247295615417894, 8.199363036111583, 25.771127080431498, 29.10883223505356, 9.088834268615562, 35.529774316623495, 29.32222267340694, 27.971678675344677, 29.331281257751844, 19.07017236036013, 74.26010603912849, 41.94456608394809, 22.36891106564155, 29.573048988139917, 22.988468198025338, 36.26278428217688, 8.89669858332617, 25.967085370087066, 20.332822634126956, 25.038395409737724, 22.682003907417194, 31.64249646950083, 33.237666869959824, 31.94096091531745, 31.637527255602055, 32.30583827945854, 23.544297125153584, 14.56028940406109], [29.71985802640407, 42.880061272697965, 41.51562552547821, 26.896244117046994, 45.93609399293377, 51.7491218341006, 33.84233470320572, 63.32902854380104, 40.724686092043434, 23.011397878501988, 22.90904400332101, 23.378562998426485, 34.529891299946044, 33.24965451643802, 50.30318661985379, 20.550021675002267, 30.856568499552868, 51.40389638750133, 0.0, 37.84452818675592, 39.84575320176772, 37.005608163335474, 27.863659490133344, 55.964609901203055, 71.98402832919177, 17.200559195271406, 17.87161462655356, 41.506009193636054, 37.40431641856295, 20.628064044616348, 25.072940737093038, 45.8858283246066, 13.140578648975563, 38.6940921562015, 33.39034368849172, 44.733503090555, 40.24100055285311, 21.048596567366072, 11.30974854501963, 44.63648324264416, 37.60344552554348, 34.47649152220858, 40.98189982020643, 43.36422576278356, 25.86274346112836, 38.95053540735851, 47.32360245947752, 17.407166130099295, 23.13969353834591, 23.62419376163205, 41.741454459606736, 44.72346247157044, 29.588962929074334, 9.603970855807765, 35.428769900403694, 33.68492773292714, 66.17160889374142, 22.78665316926699, 42.7066365766237, 38.18208253353153, 32.31508345155608, 38.1358253955011, 42.036484153210836, 41.3608402042921, 30.311405855306585, 24.397180374811583, 41.14675448428048, 29.47228321103705, 34.40651673856363, 44.72470737498514], [8.30328695752203, 13.928050399455334, 7.5714500805474705, 10.94949104735434, 8.288207538953722, 20.699025677446787, 17.678309954682533, 38.774371011870734, 3.2838251839485606, 31.631925106606193, 16.612522049756592, 14.488005622327929, 11.055468795145577, 4.6714411537274705, 26.4589268098123, 19.491455134164042, 8.977716247380004, 20.133447717814892, 37.84452818675592, 0.0, 5.191270056509372, 1.0907080216523646, 12.273019181198274, 33.260678564193014, 46.99662096694559, 32.02888741674732, 20.981253665749048, 13.290474655221875, 3.0036201107514424, 17.879433926349545, 14.300832469209483, 29.71847790197749, 25.728640596502206, 8.731705898688164, 14.286854806857821, 7.037079852064231, 9.653348080984298, 19.101856645153727, 27.36004874454021, 6.908451344788713, 3.4424144664590965, 10.423351911167654, 9.976655992201465, 13.48685986035172, 14.210126016927347, 9.930657144415024, 12.002715332483799, 26.751983135618048, 22.11862012504113, 15.98985529748288, 11.31584926060549, 7.033641948210344, 65.23788983607572, 28.452918198827838, 2.65285371391046, 9.440362505700755, 42.432076280987985, 17.786299402751983, 12.927717577541108, 6.497888073297616, 8.038066140694587, 5.520887495486347, 6.039917110087984, 13.229656796303397, 13.26473894238569, 27.838463219882627, 13.142379330306428, 12.534214002589977, 3.8961236873173046, 7.433157255525946], [11.768908221406042, 18.5809921537668, 2.4424008713290797, 13.615019262884129, 6.993750735942536, 15.667330901204602, 14.536092994076789, 33.5883240094669, 3.465769420410009, 30.40796376951613, 20.27615579305263, 16.728698748845687, 8.224014658322758, 8.494367003208662, 21.324706481580932, 23.094879875142073, 13.5081552764836, 15.114619971560186, 39.84575320176772, 5.191270056509372, 0.0, 6.145908909589944, 12.409638104639876, 28.09726111128493, 41.84371985959632, 31.744440931539184, 24.079911172051904, 18.111720002672726, 8.17440851697971, 20.998758839283912, 18.10521549236542, 25.08481011936284, 28.568296990888545, 13.760562236297737, 11.474171205201463, 8.27546571392462, 14.486122565987541, 22.765952527777824, 30.04890673706473, 6.18231089150113, 8.584694981742981, 15.585548293303109, 14.691645688863021, 8.315799351626291, 14.515076623795052, 14.953208801497928, 7.796045250239371, 26.780991240326316, 21.369372970008275, 16.64528949069792, 15.978521692559076, 8.294658461812993, 65.99776697129684, 30.263661265376324, 7.256079598003788, 14.536479102540351, 37.24376445359749, 21.67001029212187, 7.7811539973313835, 11.559928869420553, 7.691369465068851, 10.581150356806047, 9.743660669803706, 18.067533505986233, 18.123213749286553, 26.426522105250644, 18.004308286077634, 17.215327241020198, 8.431974585006554, 5.403726531880872], [7.364823121126953, 13.45814190409003, 8.559840800956257, 10.118372216924069, 9.285327275676647, 21.731047514990415, 17.947415359854855, 39.728919811721596, 4.363733030221411, 31.395988743964438, 15.588176690437603, 13.692546483380156, 11.360592907508641, 3.7602446346297, 27.311213066873496, 18.467524601532478, 7.891346904260244, 21.168124837043884, 37.005608163335474, 1.0907080216523646, 6.145908909589944, 0.0, 11.924734475796589, 34.13615454758995, 47.986245597169884, 31.602335004820027, 20.016785572440337, 12.734517453024267, 2.2806361611915262, 16.921755495408153, 13.26673007850384, 30.339357796223197, 24.788484094601998, 8.071373945943158, 14.522758169575994, 7.756229197264119, 9.12572027547377, 18.0719132436713, 26.437599559900878, 7.890170820425701, 2.7668103571469946, 9.439881900956385, 9.515121557917238, 14.386862991999521, 13.791190432883392, 9.26364508126357, 13.091088598857523, 26.283978507677855, 21.83037827569919, 15.476831752408357, 10.865705071689082, 7.748910507191177, 64.57387586154782, 27.66121955048762, 1.6291765197909065, 8.410110590494693, 43.38098604035885, 16.735864093400178, 13.808538245792572, 5.838683895443672, 7.943349913804365, 4.886156066993421, 6.166620164417109, 12.664360237185544, 12.18404272038853, 27.656391758632918, 12.563243236838952, 11.443849192947035, 2.841365433902341, 8.49177934053571], [8.00617397578272, 23.88803822892629, 13.77100673703422, 6.235141288355458, 19.150988619038777, 24.373235989558697, 10.09171717130088, 38.9508817181371, 14.2181141613063, 19.533979818713288, 12.722148215385777, 6.666141252036233, 7.034363933611296, 9.162548421879885, 25.43410658478472, 14.79522044039999, 11.625885230086848, 23.964327931136967, 27.863659490133344, 12.273019181198274, 12.409638104639876, 11.924734475796589, 0.0, 32.09737623013833, 47.718782333743576, 19.780809357052334, 14.3869440727778, 22.807890434499463, 13.555047289200882, 11.836248736751894, 11.609494919001534, 24.78432142180679, 17.959370424029625, 18.167784561100092, 7.447516792210461, 19.11509017114822, 19.66944243232175, 14.692427073247817, 19.106682163471167, 18.053408676202253, 13.988453398841912, 16.544782821911898, 20.272001012070366, 15.776622955674313, 2.105556566568261, 19.140305101375123, 19.532054135284, 14.579868382701694, 9.925140463196987, 4.286768691017137, 21.555595621398105, 19.118227718270536, 53.60849169808573, 18.270338547695314, 10.89804976483154, 15.086447081281852, 42.3185466718513, 14.463337138633053, 15.088995572913168, 16.34936844698471, 4.730629130874721, 15.68441498734036, 18.07926513950271, 22.695628822775877, 15.81047446687639, 15.917562883437832, 22.530758863218917, 14.287287137862899, 10.62463947800338, 17.692582946393607], [37.434670374304545, 46.24001991856936, 25.851731286954372, 37.506576858190165, 30.34686992060425, 14.958841553879354, 22.831303259204834, 7.386420204598934, 31.090813843670766, 35.50585707295867, 44.61510743521258, 38.76347293452156, 25.675475628829716, 35.37435087677859, 6.8939546172958, 46.870404639471545, 40.38493034300103, 15.47996558408913, 55.964609901203055, 33.260678564193014, 28.09726111128493, 34.13615454758995, 32.09737623013833, 0.0, 16.041978809381156, 40.544294880191764, 46.38525151928221, 45.9669073778656, 36.260639560860014, 43.93351738487249, 43.085860579508534, 10.961525216014353, 49.362575359830124, 41.82377623135301, 24.68402998601526, 33.898320597147766, 42.41301311058554, 46.74012930182437, 50.128251171428055, 30.969636111965535, 36.67972063256672, 43.483907723421936, 42.51664759185417, 19.78146234535708, 33.211421884055255, 43.00693416207774, 24.138228162311577, 38.61960323249879, 32.87393701261761, 35.0059738887699, 43.71943217410594, 33.93209075323316, 73.59474437191992, 47.42082301605414, 34.928627963178066, 42.29331142782704, 10.33409760666267, 46.32509263519474, 20.333406917752857, 39.64531192331689, 30.288097951544312, 38.6692969655873, 37.10453785179897, 45.94035851571533, 45.260238332816456, 32.50100050636222, 45.90201575602628, 44.04155565688809, 35.90291471142463, 29.285777313201024], [52.331206324000355, 58.686429483416774, 39.42854811987641, 52.78209432997629, 42.21606724564543, 26.48478858245285, 38.790082947187805, 8.79283451847819, 44.32768054580621, 51.0616927692551, 59.974759523660126, 54.35725379867528, 41.004188829091, 49.84822244996104, 22.311460668688195, 62.37051529639466, 54.95973107637737, 27.06909452079356, 71.98402832919177, 46.99662096694559, 41.84371985959632, 47.986245597169884, 47.718782333743576, 16.041978809381156, 0.0, 56.30776472632164, 62.09299761311939, 58.674913599932, 49.904150373383594, 59.51808019909327, 58.28131768618063, 26.421118822067182, 65.25655857827957, 55.05072855837656, 40.409338230506776, 45.94661173968066, 55.3385737336646, 62.20320592955216, 66.07836100803166, 43.180046999364386, 50.26310647334664, 57.419037703879354, 55.29541749157815, 33.82760819841551, 48.97754095119901, 56.176710851303746, 36.070688347868476, 54.61386106875295, 48.91252985530547, 50.85630721324399, 56.35172556480925, 45.98189172732047, 88.41515926738388, 63.45905318826615, 49.036415195333014, 56.37680249068141, 5.88287561469379, 61.64794206739096, 34.48260792607935, 53.00930390226542, 45.404926787203394, 52.06991573260588, 49.7225593160984, 58.67557619082241, 59.76985502998407, 48.29030370917697, 58.67720870278235, 58.68567429026562, 50.136442474877, 41.58269340396527], [25.929631094673056, 42.1358485917911, 32.551659797662566, 22.894868302390854, 38.69301978829077, 39.49301878783565, 20.689485646712598, 47.91170634912804, 33.9399142858418, 5.818366409709398, 23.90083703455645, 19.76333293475248, 24.207778825459833, 28.416254641154513, 35.71120671729437, 23.36775672746445, 28.812281766142412, 39.28676813958464, 17.200559195271406, 32.02888741674732, 31.744440931539184, 31.602335004820027, 19.780809357052334, 40.544294880191764, 56.30776472632164, 0.0, 20.511139912132123, 40.8777059539641, 32.993283815357216, 21.14465566156078, 24.905949105471326, 29.891139509121224, 18.9335429710843, 36.695048473080455, 21.767161694123562, 38.89253751403711, 38.30489467743603, 23.719536586634177, 18.13968647605623, 37.69192107663973, 33.37782288089117, 33.746079762490034, 38.99159713389746, 32.11928822127569, 17.82072723785051, 37.4401102590379, 37.85450912900451, 5.434897117867719, 10.463502147470777, 16.205811616878684, 40.14538526456616, 38.89612849563201, 35.018244294058285, 12.744331519965705, 30.408566579208806, 32.45110167034823, 50.42944208216825, 24.984955208521303, 31.590499842157065, 35.26606671700713, 24.35629937934739, 34.78397911166919, 37.68444596322429, 40.74522017149223, 30.99639380351001, 8.044163834562456, 40.54999728801595, 29.581391029762745, 29.87773521065109, 37.143951752790564], [12.68283360907128, 25.09684521879652, 26.172330931888233, 10.469186374032665, 29.26671254324889, 38.295759831922965, 23.796248929294975, 53.31675315504348, 24.128387939267334, 24.022367018785783, 5.037429558857017, 7.850581612693241, 21.29448724997611, 16.314763267950827, 39.792115387829575, 3.049024470401193, 13.128972590376176, 37.838537078204396, 17.87161462655356, 20.981253665749048, 24.079911172051904, 20.016785572440337, 14.3869440727778, 46.38525151928221, 62.09299761311939, 20.511139912132123, 0.0, 23.72492174987119, 20.01286637314237, 3.108668279471764, 7.247215180666523, 38.32666419425995, 4.872375110168921, 20.82921426099801, 21.710119153129572, 27.525181208802138, 22.370297490677707, 3.5024847974210456, 6.650286551429984, 27.889418307866933, 20.144650166790797, 16.617617355832525, 23.110990033873275, 29.675390615903744, 13.180960887355075, 21.080580882980254, 31.87109808635809, 15.882863723562018, 16.932853176602872, 11.558307768449243, 23.876319613315513, 27.510602106273176, 47.06115867666943, 9.98006989144083, 18.389355537425697, 15.815146876168443, 56.65190431467499, 5.148914402020994, 28.971555737946233, 20.409299405642464, 17.50834997889929, 20.43990659220935, 24.46142166789104, 23.57999212675938, 12.565006180648956, 22.32366790239869, 23.36626483129556, 11.624608445243338, 17.23868723131305, 28.289664383026214], [15.168186433288458, 1.3740520790619084, 20.17892503456715, 18.051633293683537, 16.53218363354606, 32.23297184788052, 30.50261360140896, 50.894180783076976, 14.901582699345324, 41.948947186208215, 18.744400429423457, 21.1349098901274, 24.009973065956572, 13.837155960919242, 39.31555129578951, 20.95598751863379, 12.06559564557558, 31.646689583930492, 41.506009193636054, 13.290474655221875, 18.111720002672726, 12.734517453024267, 22.807890434499463, 45.9669073778656, 58.674913599932, 40.8777059539641, 23.72492174987119, 0.0, 10.458678804611138, 21.338985384963333, 16.8427196520057, 43.007110602959074, 28.365430544660494, 4.770154406718023, 27.056256748962284, 12.816967781746825, 3.6413375814455233, 20.457412626269985, 30.196260648616427, 15.49889771273063, 9.96862708849185, 7.277835797739914, 3.450386539577079, 26.301901853467545, 24.13489584239856, 3.684228393746805, 22.60422617223725, 35.452092173955535, 32.38260107402556, 25.073027617013388, 2.3291367946123382, 12.781880136021167, 70.77698078527419, 33.43132675886144, 12.7665084052346, 8.453966397566191, 54.574802040967164, 18.719356024369066, 25.82916507809058, 6.92862411217239, 20.02805592585979, 7.853107980740812, 8.966560774265929, 0.14516898934395073, 11.194603338329472, 38.59004961561546, 0.35925470935557646, 12.129732640182048, 12.496183009969451, 17.094472502577535], [7.7405878821727265, 11.207499815657602, 10.516213934368338, 10.766180093987233, 9.917136646748919, 23.531707968640735, 20.150031165231535, 41.72857233569614, 5.712590562277285, 33.08893987603413, 15.311245905009809, 14.37045853328088, 13.592314637879337, 4.588686347368738, 29.4622951466874, 18.16300169405967, 7.171498132080972, 22.959589083797383, 37.40431641856295, 3.0036201107514424, 8.17440851697971, 2.2806361611915262, 13.555047289200882, 36.260639560860014, 49.904150373383594, 32.993283815357216, 20.01286637314237, 10.458678804611138, 0.0, 16.977506216035387, 12.959776845313682, 32.615751256730114, 24.860269351967506, 5.793325759229778, 16.713740650462793, 7.547740402308705, 6.861443539385032, 17.732704059316916, 26.57343916489057, 8.508079919944036, 0.4944971822169063, 7.578120354087994, 7.278409282675148, 16.483103228466792, 15.28885018070201, 6.987588136270698, 14.534963130493095, 27.615750940951347, 23.47544945727634, 16.790423155288714, 8.630063053211611, 7.530604328137777, 65.42423388424842, 28.23539144914955, 2.6628361803081884, 6.752002686370798, 45.39115725884606, 16.263186550350138, 15.928864474852869, 3.558745976571635, 9.93408371254125, 2.60676910619058, 4.783289079176331, 10.387031648556379, 10.858408764579686, 29.42980339029022, 10.284199962322559, 10.363727916108008, 3.163759158266991, 9.479614559353537], [9.578123706542437, 22.699326600552386, 23.117158560693074, 7.407297655443718, 26.162866349129274, 35.38203172740556, 21.60519709353305, 50.76298697105055, 21.020405464295244, 23.981692722498572, 2.801111867528344, 5.170726316695966, 18.57260062175426, 13.210828268296991, 37.25727351008662, 3.1052787661116708, 10.230364256603178, 34.91427818414271, 20.628064044616348, 17.879433926349545, 20.998758839283912, 16.921755495408153, 11.836248736751894, 43.933517384