{"station": ["0", "1", "2", "3", "4", "5", "6", "7", "8", "9", "10", "11", "12", "13", "14", "15", "16", "17", "18", "19", "20", "21", "22", "23", "24", "25", "26", "27", "28", "29", "30", "31", "32", "33", "34", "35", "36", "37", "38", "39", "40", "41", "42", "43", "44", "45", "46", "47", "48", "49", "50", "51", "52", "53", "54", "55", "56", "57", "58", "59", "60", "61", "62", "63", "64", "65", "66", "67", "68", "69"], "Depot": "0", "adjencyMatrix": [[0.0, 0.7734232276178096, 0.8918687580558512, 0.7910777056051527, 0.41021315161031563, 1.2184516299420072, 0.8967062894795413, 0.29097708330276884, 0.8531233999969493, 0.7421307225453083, 0.9426795905462896, 1.0640371338769175, 0.6983750163786697, 0.905846142759817, 1.261959225931828, 0.4167973654469988, 0.661878297200275, 0.5594395772194739, 0.9778355682419201, 0.10930388327827845, 0.3984101634876364, 0.9301113314085665, 0.6140494212427126, 0.3264311317452681, 1.1736930737064544, 0.4117100640682908, 0.6399805053267301, 1.0995356607186275, 0.8584683516001707, 0.3069624277430712, 0.8132643051491146, 0.871022308905538, 0.21062855705451355, 0.4197691527387579, 0.24481406743359163, 0.7861960450638266, 0.4520650820798578, 1.145535824472661, 0.9523991007168243, 1.0803488759401332, 0.4827402816073807, 0.9353494637402081, 1.0917815179331347, 0.151936542782513, 0.7140918436938691, 0.3720932477550688, 0.5689038780982102, 0.17601254539828634, 0.8733951068624954, 1.186887588640496, 0.9420390681089389, 0.44399550713695557, 1.029797191315142, 0.43233661007096136, 0.5800621679015442, 0.740336547470365, 0.4585121810554999, 0.6298040409411892, 0.8359799991514953, 0.5641706476111189, 0.9222012374776448, 0.7683809869191262, 0.9357978309121884, 0.429040902697816, 0.6248808639099895, 0.9513811664867483, 0.42178739473420734, 0.6973035394264784, 0.8588852646513515, 0.5908868628932461], [0.7734232276178096, 0.0, 0.6838277225477538, 0.104802284535236, 0.6035094523041925, 0.6014132765712106, 0.5492495566021663, 0.4843123038712409, 0.5893079981902825, 0.7019680476133547, 0.2121457387752808, 0.3297850871725937, 0.11026346804383669, 0.14883321348512757, 0.6447901743740384, 0.5233672906565686, 0.22221843075371628, 0.5114797178821765, 0.2044865964127824, 0.7712328994584197, 0.38112758575206385, 0.22725011999722913, 0.7496269698108377, 0.4838674481390172, 0.6003692443759778, 0.583476252300857, 0.23474453841467136, 0.4461644551070509, 0.14863514157286137, 0.63655723305485, 0.6086401984127158, 0.20608776175806384, 0.6924116974850876, 0.6672088232703749, 0.5438578905359779, 0.23790076498206914, 0.4002610686730193, 0.5119664061243162, 0.9933080688813386, 0.4379991804487502, 0.3009103049810003, 0.6046572196129533, 0.5461386308660781, 0.6222534469034813, 0.6361122780594689, 0.4203024211122176, 0.4336139118027968, 0.6420775837263839, 0.28037782191929617, 0.5287348537148115, 0.3595003949085356, 0.7885885150469292, 0.4158964693964714, 0.4110914862575297, 0.19428862185359427, 0.19718246317019858, 0.31828051402878843, 0.24541970662825405, 0.232833241504861, 0.2286475609842823, 0.24056731822709373, 0.6584881690569189, 0.2887049944558453, 0.35021967203212606, 0.38613488447152117, 0.5781386566652962, 0.361077657035379, 0.09560090525989443, 0.3942393954710896, 0.2262164435846679], [0.8918687580558512, 0.6838277225477538, 0.0, 0.5869611324778522, 0.48257586530977553, 0.5397064404544466, 0.161397182982962, 0.7061897980556533, 0.09516173755183355, 0.1820618074963369, 0.8684894377312953, 0.6569692206513158, 0.7439171623787119, 0.6617298064679159, 0.565420824229206, 0.48341271599486824, 0.48652200006838003, 0.3418885581283584, 0.7675148826100754, 0.8072065565776088, 0.7383376960004528, 0.574788313856353, 0.3486706712877344, 0.617503396145287, 0.4628986659119605, 0.48015877593413403, 0.48740096979882075, 0.5350567707008673, 0.5888549543614469, 0.5866434610779935, 0.08903700596224944, 0.8887610208912732, 0.687357446209183, 0.48828368075057416, 0.6934087122025444, 0.4504849493443802, 0.5161113379603788, 0.5253592938546411, 0.34988621634610617, 0.5133929651860937, 0.7323061756577011, 0.13139695605726043, 0.3952080236841386, 0.8095823771975889, 0.18143405793740458, 0.6218743733152241, 0.36866639499421483, 0.7196244100471878, 0.44979619947334304, 0.5791546292661792, 0.42164822145393416, 0.5387796418514033, 0.46348801871557593, 0.5321118194482564, 0.6449657093161795, 0.8577745978953989, 0.641377535666854, 0.4833950950530916, 0.9152145316367316, 0.7407080371585465, 0.9168723364812967, 0.1296126241229705, 0.968819948019139, 0.6374609435301961, 0.3558607647174464, 0.1778270636926871, 0.6274225242007422, 0.6138690317124438, 0.313610334821055, 0.545232040472719], [0.7910777056051527, 0.104802284535236, 0.5869611324778522, 0.0, 0.5657752800612298, 0.511705800341979, 0.44744060772706573, 0.5005180299832738, 0.4919128379574141, 0.6199129548329407, 0.2862403609589055, 0.2754015981200837, 0.2020579154030873, 0.12261152506452988, 0.5560467270266227, 0.48930112539304377, 0.16292168463073453, 0.4506964376510067, 0.22292027132017522, 0.7742814030576124, 0.4177665808511522, 0.14891707797843878, 0.6845005926546065, 0.4801439572982725, 0.503870176898026, 0.5463206288480633, 0.18219707979455285, 0.36008885844353555, 0.06892948358765515, 0.6147079304124998, 0.5155050689201872, 0.3028694629305535, 0.6832059356117155, 0.6267159371638683, 0.5509310097086046, 0.1368775940073258, 0.37635523595680637, 0.42326666013618286, 0.9062041969386815, 0.3488779187652527, 0.3473532432168069, 0.5023261505722262, 0.4454969225047798, 0.6437512445582335, 0.5546966557582304, 0.4225566224843409, 0.37412093152724, 0.6439612149263267, 0.17635834167038336, 0.44644081640578814, 0.2573206380587448, 0.7466651570816736, 0.3201262460335807, 0.3911386163450182, 0.22242385740437357, 0.3007091667021533, 0.3341857822984233, 0.1944074081692197, 0.335690536143173, 0.29026430580545703, 0.3300334868540499, 0.5718342802894738, 0.3818897483298937, 0.3622548065240913, 0.3169873302460072, 0.47447127886008533, 0.3693509211154954, 0.10181051465464125, 0.29061937472053195, 0.2051837381016156], [0.41021315161031563, 0.6035094523041925, 0.48257586530977553, 0.5657752800612298, 0.0, 0.8712795228021193, 0.5059949994621253, 0.29275552141307953, 0.45157299686332153, 0.3347036468080932, 0.8133291717936839, 0.7997832889028693, 0.5861970631339857, 0.6875066994318149, 0.9114773086582959, 0.0811986334781725, 0.4034344341490152, 0.1682447639936454, 0.7872962113457723, 0.3255719768323103, 0.39021374181795515, 0.6669149738865572, 0.23571610043954294, 0.203814648472672, 0.8140993098025424, 0.020104697685941537, 0.3835846656497835, 0.7806305335747552, 0.6184754688152603, 0.10408173922045665, 0.40703240699119747, 0.7787905939044272, 0.20519155359215102, 0.06490317453904446, 0.2474451409345268, 0.4962582312221695, 0.20808666770588957, 0.8121449001341764, 0.5790838598129386, 0.7586247696890795, 0.43726728736154213, 0.5374745553774432, 0.7307671843192614, 0.3483369175830978, 0.30388577064948674, 0.25274039308196594, 0.21438302948559318, 0.24253659059938945, 0.5705821093317687, 0.8608371161422, 0.6174250070993632, 0.18573373232081675, 0.7025260527468238, 0.20334690146709783, 0.43906212383850163, 0.680975124779671, 0.3438273771872781, 0.37136829711820124, 0.7718704961682898, 0.4958146882854106, 0.8254071078126121, 0.3581690878873416, 0.8610677057175697, 0.3170732848142695, 0.2828223232386421, 0.5600636090367407, 0.3012353584703417, 0.5080986276699415, 0.5089276505076995, 0.3773283392149734], [1.2184516299420072, 0.6014132765712106, 0.5397064404544466, 0.511705800341979, 0.8712795228021193, 0.0, 0.4041499911908983, 0.9479039603849885, 0.4858650020385863, 0.6975550040469595, 0.6624900871275614, 0.32094880062803605, 0.7097626365940816, 0.47229684610976475, 0.04505719975610718, 0.8240194035606151, 0.5726877960366527, 0.7042786461215461, 0.5205693925875678, 1.1689319734629398, 0.9009985729041615, 0.3748161805303082, 0.847338867171216, 0.8925543049799447, 0.07884528950720421, 0.8580488994928217, 0.5923380909136577, 0.15662140930887852, 0.4532204301037242, 0.9606718626762064, 0.5435789212557429, 0.7365778919789605, 1.0551002872360766, 0.9098631810759114, 0.9760188498464053, 0.4463984048682588, 0.7664516441681181, 0.0895587857656159, 0.8719234751210088, 0.16347895857343742, 0.844410917501201, 0.4104557645328578, 0.14893651124913496, 1.088372656364284, 0.6600869702093701, 0.8555998038656379, 0.6638689640509295, 1.0478084973326218, 0.3600503652985945, 0.09452471693290472, 0.28070452497949233, 1.0027709879634672, 0.19703502524505265, 0.7862532412917465, 0.7172756291290044, 0.7917882884848801, 0.801434255347347, 0.6001653644882019, 0.7904733439628414, 0.7985356616476985, 0.7335141408731174, 0.63204023954939, 0.7861909554151201, 0.8202136515372475, 0.599779220669107, 0.3660187498966749, 0.82072377438897, 0.6078204527532951, 0.36424843734503365, 0.6550693761610373], [0.8967062894795413, 0.5492495566021663, 0.161397182982962, 0.44744060772706573, 0.5059949994621253, 0.4041499911908983, 0.0, 0.6692814088310305, 0.08312931295041381, 0.29416673824025436, 0.7211237202809437, 0.4956173197987468, 0.622637286321345, 0.5095787955956534, 0.4364544616185362, 0.48035495346636015, 0.3768031467451504, 0.34063840843777693, 0.612832239565274, 0.8265063717481271, 0.673268949469687, 0.4176932846867291, 0.44437462468851313, 0.5904038572730385, 0.33289309127364175, 0.49728960546953005, 0.38383840718966067, 0.3779792626970373, 0.439685746085429, 0.6060426777525968, 0.1398605346340753, 0.7500369467292348, 0.7066657487578443, 0.5315131204573172, 0.6730592714059344, 0.311385023686245, 0.4717053823156656, 0.37562841446783557, 0.5109496336091023, 0.3557305350033177, 0.6501389621990287, 0.05634522124677624, 0.2552647695847874, 0.79168247011897, 0.2567728556682173, 0.5774958084145401, 0.33154933829201966, 0.7206967674842013, 0.2953343074363069, 0.42985761726361477, 0.26062960018701326, 0.6105280243192466, 0.303903739869674, 0.4905903098130632, 0.545460446010838, 0.7343696695760132, 0.5701059173137101, 0.3833252511679373, 0.7820607798482352, 0.6427008818275814, 0.7739573431053761, 0.2284612137170524, 0.8272500077369856, 0.5741704579455309, 0.29019306141967216, 0.054693121194141575, 0.5674658707707025, 0.4911448743894814, 0.16018933197554774, 0.4494002140345325], [0.29097708330276884, 0.4843123038712409, 0.7061897980556533, 0.5005180299832738, 0.29275552141307953, 0.9479039603849885, 0.6692814088310305, 0.0, 0.6449507043755617, 0.5982049268620203, 0.6636068457473911, 0.7744206913358068, 0.417177624052367, 0.6148841012874611, 0.9923547810702441, 0.24084332475751036, 0.3791859940881511, 0.36743246213186925, 0.6887593296090878, 0.29189764668545115, 0.12938014242185808, 0.6414533906520993, 0.5273303918663808, 0.09339567359673145, 0.9105284130629825, 0.2796190597057746, 0.358070052707751, 0.82002068393415, 0.5682874230788619, 0.24197254001485866, 0.6188280190136826, 0.6006621189205659, 0.24170308898676873, 0.3444952086618426, 0.07159301275722053, 0.5058658042670812, 0.19758148277468152, 0.8702812004236959, 0.8666075799808359, 0.802043618440558, 0.20822750367584408, 0.7164071732529887, 0.8312574731824133, 0.14406865634951255, 0.549852503295872, 0.09387092682151638, 0.3420603270355731, 0.16980908616896453, 0.5938477706705264, 0.9083978635833168, 0.6677812588326718, 0.4409603029557771, 0.754391403584413, 0.17879859775502802, 0.2901780156672672, 0.4771032195707025, 0.16759224589480515, 0.3490854176548434, 0.5743203927806093, 0.28847931364705787, 0.6516626338594116, 0.6010687380339104, 0.6729507210920207, 0.1382636287674996, 0.38004194454787943, 0.7222543067863313, 0.13218004726726434, 0.40635550243608454, 0.5995926614470042, 0.30325691735870247], [0.8531233999969493, 0.5893079981902825, 0.09516173755183355, 0.4919128379574141, 0.45157299686332153, 0.4858650020385863, 0.08312931295041381, 0.6449507043755617, 0.0, 0.21171324303605166, 0.7733688706287328, 0.5700019564042593, 0.651813095032588, 0.5672563648005486, 0.5169044450437095, 0.4372289546326338, 0.396114440821008, 0.2938306234532148, 0.6735783286569498, 0.7762983883668171, 0.6647704715861019, 0.48216159392851193, 0.36604453185559155, 0.5603399079980769, 0.4131430056706466, 0.44538247943587905, 0.3986049168978789, 0.4598158432670239, 0.4939918496817487, 0.5543634794318848, 0.05799181349087957, 0.7939393254577587, 0.6557900769007904, 0.4696736693986556, 0.6402206645174817, 0.3553589176668617, 0.4496681927575263, 0.4587494717289417, 0.43630245353888725, 0.43734831314482947, 0.6520133277189467, 0.0883482112832612, 0.3372568250763646, 0.7583322082343236, 0.17926104965115272, 0.5565265162626858, 0.3029225689804639, 0.677933962991362, 0.3563998460385217, 0.5129780992916447, 0.3340335161819554, 0.5397848510118899, 0.3843702593825153, 0.4671829361960854, 0.5583545755534393, 0.7654064267063527, 0.5647174728689223, 0.3955448713442724, 0.8211003320857627, 0.654980327554989, 0.8217665179923603, 0.14618190377325266, 0.8737962005671577, 0.5639951750431202, 0.27758171491912764, 0.12318194603317068, 0.5552727656358841, 0.5211397981328764, 0.22078800623769057, 0.45915601002799283], [0.7421307225453083, 0.7019680476133547, 0.1820618074963369, 0.6199129548329407, 0.3347036468080932, 0.6975550040469595, 0.29416673824025436, 0.5982049268620203, 0.21171324303605166, 0.0, 0.9055808686939937, 0.7560798674369287, 0.7368183543057638, 0.7182240691371278, 0.7281012260634889, 0.35909219502204126, 0.48268326473810574, 0.23932408128511445, 0.8275713255840657, 0.6494046081504624, 0.6582793233746393, 0.650243776633536, 0.16672799874840408, 0.5050917843721807, 0.6243415374999441, 0.33777639154037364, 0.47528170397958514, 0.6645624554014459, 0.6415365819336839, 0.4356108900956677, 0.15430778560435948, 0.9064635557198866, 0.5325411501718859, 0.3251925144691412, 0.5703380775618022, 0.49447377008632, 0.430355885914619, 0.6685330490254067, 0.29617627574612243, 0.6416626677619907, 0.6724892670140283, 0.29181955085421996, 0.54896718072209, 0.679789214525756, 0.06590929617664569, 0.5266126333446821, 0.29916865917581387, 0.5772390954494486, 0.5249102044034808, 0.7226807164263224, 0.5243459542145422, 0.3599369294457828, 0.5864905155771484, 0.44154676397893167, 0.6126151510826681, 0.8492182319689529, 0.574346085336777, 0.4672506003949747, 0.9214901536326463, 0.700485909069644, 0.9424601379168563, 0.06572482610910682, 0.9901596217395577, 0.5615899567813197, 0.3218986119617908, 0.33301935574665065, 0.548558068446777, 0.6167584983418267, 0.4012752746924252, 0.5165645909762546], [0.9426795905462896, 0.2121457387752808, 0.8684894377312953, 0.2862403609589055, 0.8133291717936839, 0.6624900871275614, 0.7211237202809437, 0.6636068457473911, 0.7733688706287328, 0.9055808686939937, 0.0, 0.34325101841046723, 0.24644595354128895, 0.21625452112500462, 0.6999658933279224, 0.732632527129747, 0.43241312436449925, 0.7231221497688527, 0.14215911633378212, 0.955390210373621, 0.5445276051538472, 0.3210456857685359, 0.9608853240841119, 0.6792270011041219, 0.6858490842456857, 0.793239532467745, 0.4462257548791355, 0.5103237576677389, 0.28146417608826624, 0.8399875305155307, 0.8003113128380523, 0.0967000572267384, 0.8875675052349541, 0.8774811555807186, 0.7293452714434288, 0.41927204032134596, 0.6076188125142851, 0.5768693794461043, 1.1923775989627532, 0.5118057216491673, 0.46019060937959977, 0.7735406629174085, 0.6532372644685634, 0.7910668776987425, 0.8401255043942261, 0.6135527584268063, 0.6452565836211092, 0.829568653550795, 0.4282017869381943, 0.5734854107120037, 0.48823561963427814, 0.9988638683755217, 0.5130520721828272, 0.616771523498145, 0.38576841877529955, 0.22141758665302344, 0.5066505007985741, 0.4571622803026671, 0.15704543575568128, 0.37858347217537097, 0.07229954923066292, 0.8580745072241983, 0.12370205036335956, 0.5395560859995352, 0.5954125758084963, 0.7399901378864341, 0.5526076570338111, 0.30731571688780873, 0.5609649262694935, 0.4364653695233678], [1.0640371338769175, 0.3297850871725937, 0.6569692206513158, 0.2754015981200837, 0.7997832889028693, 0.32094880062803605, 0.4956173197987468, 0.7744206913358068, 0.5700019564042593, 0.7560798674369287, 0.34325101841046723, 0.0, 0.43866107977110785, 0.18159646259817902, 0.35707381508561625, 0.7310628176889955, 0.410372024814187, 0.6557822030379156, 0.20113143879253925, 1.0410007940975523, 0.6925256827851338, 0.1357527359853455, 0.8646360856428875, 0.7468224792620801, 0.3536653912977053, 0.7818814774289939, 0.4325353125663965, 0.17611421034575886, 0.20667203557711072, 0.864900401737849, 0.6154569288881465, 0.42312058480143583, 0.9428773001383502, 0.8545865008897118, 0.8216179852916128, 0.3035543546011441, 0.6330801752590218, 0.23885890748343985, 1.0057521823357445, 0.18434337995164188, 0.6193703785588108, 0.5354137184013174, 0.33996014299640887, 0.9181371947492029, 0.6985714338037428, 0.693014639171301, 0.5888807853140273, 0.9112622649263065, 0.23805457701867713, 0.2303690046398735, 0.23597117341990542, 0.9683450731101565, 0.20868724846973313, 0.650182089172362, 0.4969534703663853, 0.4979748225127813, 0.609107046100298, 0.4441478842409922, 0.4801823942877567, 0.5547184914702167, 0.41505659401150896, 0.6950021644880005, 0.46670310556585154, 0.6363521330802323, 0.5213989645769899, 0.4921019632905383, 0.6425296133168537, 0.37542531059829815, 0.3553222121300959, 0.473596571635406], [0.6983750163786697, 0.11026346804383669, 0.7439171623787119, 0.2020579154030873, 0.5861970631339857, 0.7097626365940816, 0.622637286321345, 0.417177624052367, 0.651813095032588, 0.7368183543057638, 0.24644595354128895, 0.43866107977110785, 0.0, 0.2570823548439279, 0.7534740720446077, 0.5050499085022156, 0.2589936692514054, 0.5238246507810816, 0.29227763138869384, 0.708944428998215, 0.300038436760582, 0.336754176084785, 0.7606544721179345, 0.4359348050281028, 0.7054598977483163, 0.566197183032884, 0.2626038422353062, 0.55525533535563, 0.2565971725943592, 0.6013784829929504, 0.6628024389010314, 0.1933369964263019, 0.6431530268174491, 0.6510890014449974, 0.4830841874042315, 0.3182501613161514, 0.37812079335860044, 0.6205109219329059, 1.0324762123917655, 0.5462892931681073, 0.2158716498622318, 0.678915495049269, 0.6474135336118356, 0.5464767504593433, 0.6713246035580954, 0.3698312741325076, 0.44822831480702596, 0.5833920747955703, 0.37644727388364063, 0.6385809309668976, 0.4588863452301129, 0.7713934004352676, 0.5212713413691367, 0.38400611153366004, 0.14741798160139286, 0.11405447806613908, 0.2622317025472769, 0.26983177923803475, 0.18904521965291304, 0.13548907934263849, 0.2418863234266309, 0.7010714175640963, 0.2748748738673191, 0.29505765048808824, 0.4149209455979018, 0.6574102363612726, 0.308806846916923, 0.13152704760024186, 0.4757779704950925, 0.22445450129034475], [0.905846142759817, 0.14883321348512757, 0.6617298064679159, 0.12261152506452988, 0.6875066994318149, 0.47229684610976475, 0.5095787955956534, 0.6148841012874611, 0.5672563648005486, 0.7182240691371278, 0.21625452112500462, 0.18159646259817902, 0.2570823548439279, 0.0, 0.5137170257952807, 0.6115963426158254, 0.28408575808211073, 0.56653899825933, 0.10937822810803764, 0.8936524711513345, 0.5219414838655394, 0.10662949421684009, 0.7961869199049687, 0.6002988674182359, 0.48348535897437156, 0.6681740064553404, 0.3040993346448707, 0.3157487054741154, 0.07679669345347907, 0.7372907264884838, 0.599567752697518, 0.2701835970412735, 0.8048104337119855, 0.7478525882617381, 0.6686245310657318, 0.22384431202122862, 0.4988282729607869, 0.3832141782525573, 0.9956245805911298, 0.3121164603491445, 0.44494172587591463, 0.560539596668563, 0.4424775014998352, 0.7565769120834757, 0.6545152912447704, 0.5409921524398124, 0.4913738127037038, 0.7633517841148405, 0.21445227931128055, 0.39212548098885425, 0.2720772500446152, 0.8672359111580699, 0.30351582347464445, 0.5133748470421488, 0.3280304651258273, 0.3219208372727026, 0.4473399915862481, 0.31634505705313976, 0.32017072341599695, 0.3762442475190911, 0.27861928989815754, 0.6651563663462953, 0.3334697459485002, 0.4771575418600917, 0.43066032496347695, 0.5254146464980968, 0.4856004084801617, 0.20855139097767578, 0.3497665817407691, 0.32633119393498033], [1.261959225931828, 0.6447901743740384, 0.565420824229206, 0.5560467270266227, 0.9114773086582959, 0.04505719975610718, 0.4364544616185362, 0.9923547810702441, 0.5169044450437095, 0.7281012260634889, 0.6999658933279224, 0.35707381508561625, 0.7534740720446077, 0.5137170257952807, 0.0, 0.8656588548358042, 0.617561366666379, 0.7440034397438597, 0.5578257986715592, 1.2113640333028315, 0.9460255714623276, 0.41782426143740764, 0.8807228770213403, 0.9362782597402628, 0.10376966022603488, 0.8985924011637088, 0.6371344635521906, 0.19892592617566898, 0.49687739351250504, 1.0019465178229277, 0.5748577684780541, 0.7760407273240352, 1.09698763310021, 0.9488166795614602, 1.0198759436567406, 0.49136606267238925, 0.8100789218699157, 0.13298827373008557, 0.8909749211044412, 0.20734670496886576, 0.8894430755903542, 0.4383010095208112, 0.18349907314558786, 1.1325705403704978, 0.6931621508637006, 0.8999100676366225, 0.705438392212406, 1.0908573986897783, 0.4050961297706614, 0.12683270576772843, 0.32550938664817003, 1.0397536331374606, 0.24209221832299763, 0.8299137579953821, 0.762288182751935, 0.8341327491416596, 0.8463727807008831, 0.64488245042473, 0.8306730468208632, 0.8433034954318477, 0.7714140645096842, 0.662918428287345, 0.8235774365882716, 0.8650222531229776, 0.6419846499176952, 0.395228037170348, 0.8654355232993347, 0.6525450896048528, 0.40609139607822625, 0.7000290836164798], [0.4167973654469988, 0.5233672906565686, 0.48341271599486824, 0.48930112539304377, 0.0811986334781725, 0.8240194035606151, 0.48035495346636015, 0.24084332475751036, 0.4372289546326338, 0.35909219502204126, 0.732632527129747, 0.7310628176889955, 0.5050499085022156, 0.6115963426158254, 0.8656588548358042, 0.0, 0.32822471422902344, 0.14356513712620692, 0.7096256152207006, 0.34879085956057176, 0.32192660408318047, 0.5967530304979484, 0.29330945504807765, 0.14748232608686315, 0.7715096935619435, 0.06115446980416946, 0.3076055932235061, 0.7237056206397711, 0.5443535454787092, 0.13776817651681184, 0.40052154532326073, 0.6975948483775519, 0.23163592015722947, 0.14605178979282, 0.2124914223397259, 0.42868948582085303, 0.12692971725365398, 0.759787120368977, 0.6268659354121054, 0.7023225781466393, 0.3618288921919032, 0.5185969593143457, 0.6883493559535272, 0.3265153810932779, 0.3151917438445276, 0.18314452451764657, 0.16022537712504542, 0.24101767733963828, 0.507196961016425, 0.8065346416667155, 0.5606061069712955, 0.2668492228026553, 0.6473895403789308, 0.12310556294022497, 0.35799325708316015, 0.6005964390945588, 0.26608416859880557, 0.29535615605125926, 0.691006386708777, 0.4169615668995791, 0.7442239485140086, 0.3683343041867639, 0.7799118853986436, 0.24117065723503706, 0.2253446943665378, 0.5350478866386684, 0.22551312651901614, 0.4281506059293874, 0.4597709662295918, 0.2971679150493022], [0.661878297200275, 0.22221843075371628, 0.48652200006838003, 0.16292168463073453, 0.4034344341490152, 0.5726877960366527, 0.3768031467451504, 0.3791859940881511, 0.396114440821008, 0.48268326473810574, 0.43241312436449925, 0.410372024814187, 0.2589936692514054, 0.28408575808211073, 0.617561366666379, 0.32822471422902344, 0.0, 0.29153086955940444, 0.3856666382127936, 0.631686012612689, 0.33078931158526803, 0.27462091497582325, 0.5285761631413843, 0.3387401765304667, 0.5425620640994596, 0.38414843184518077, 0.022236127810653764, 0.44086809398345245, 0.216283845841502, 0.457448590416421, 0.4041077444576556, 0.4242379059525305, 0.5325843988589866, 0.463919910500061, 0.4171907062848446, 0.12705999679684463, 0.22275610192980236, 0.49243281907253295, 0.7766895807620142, 0.4231323234972471, 0.2859149399068477, 0.4328100417213384, 0.4680956532928249, 0.5224000945573004, 0.41679499190839, 0.2903404399514839, 0.21392115455331365, 0.5026467788206753, 0.21499215820949816, 0.529338961044263, 0.2920962090490916, 0.5837478018998304, 0.3769877505053774, 0.2398371170171019, 0.17002456600920351, 0.37301998135676356, 0.2291155262640982, 0.03383366404540643, 0.4394160069323148, 0.26676761539186655, 0.46214110359052923, 0.4433823149689792, 0.5082746885692627, 0.2477155891552972, 0.16397617746854, 0.4185943808121543, 0.2490945592680207, 0.1340934541175153, 0.25129018476971704, 0.08388053464965692], [0.5594395772194739, 0.5114797178821765, 0.3418885581283584, 0.4506964376510067, 0.1682447639936454, 0.7042786461215461, 0.34063840843777693, 0.36743246213186925, 0.2938306234532148, 0.23932408128511445, 0.7231221497688527, 0.6557822030379156, 0.5238246507810816, 0.56653899825933, 0.7440034397438597, 0.14356513712620692, 0.29153086955940444, 0.0, 0.6726928706141084, 0.48592206036383323, 0.4190804739019946, 0.5280509724185859, 0.2385254099301749, 0.27669267201936637, 0.6460679097748958, 0.15745689311790306, 0.2768965718417934, 0.6197915039552386, 0.49229934519810054, 0.2656091622343513, 0.25747035477998215, 0.7067985348249897, 0.3660305714421378, 0.20722948987651277, 0.3515237239880099, 0.3555823177357235, 0.19103402207429568, 0.6476803265910692, 0.5286120635639237, 0.5973395392518972, 0.4349896429286077, 0.37626943980600336, 0.5627682571237064, 0.46806300855615024, 0.1842241826109412, 0.2894910941784443, 0.07787213845289104, 0.38410606087831367, 0.41997044203073686, 0.697518033019299, 0.45765591579735676, 0.3135722869984697, 0.5405552192573059, 0.20265676213506, 0.38774529031743593, 0.6318765512728433, 0.33618235055872975, 0.26606120065284294, 0.712571619364206, 0.46916244155806186, 0.7483264163647154, 0.23395027003906263, 0.7911542894343657, 0.32236561265542174, 0.13670511383711254, 0.39516367765141774, 0.3092406210957854, 0.41813128121351306, 0.34408305170041714, 0.299408903051674], [0.9778355682419201, 0.2044865964127824, 0.7675148826100754, 0.22292027132017522, 0.7872962113457723, 0.5205693925875678, 0.612832239565274, 0.6887593296090878, 0.6735783286569498, 0.8275713255840657, 0.14215911633378212, 0.20113143879253925, 0.29227763138869384, 0.10937822810803764, 0.5578257986715592, 0.7096256152207006, 0.3856666382127936, 0.6726928706141084, 0.0, 0.9747186910969567, 0.5839444469026912, 0.19695467590618246, 0.904183426575802, 0.6849843343253282, 0.5460651715966567, 0.7676580428350875, 0.4043294284823212, 0.36946704222273036, 0.18616098046146898, 0.8308510708848356, 0.7075152751575827, 0.22522072879631924, 0.892505512558663, 0.848897142616329, 0.7475878356701244, 0.3332224576348001, 0.5921581480964621, 0.4355392849504529, 1.103919914793373, 0.37216069153248277, 0.5020236353795722, 0.6621038178717706, 0.5179968072541877, 0.8265297364436922, 0.7638934803010846, 0.6226653173987198, 0.5966287003582831, 0.8451275458143488, 0.3179595071544222, 0.4313263031742587, 0.3647394091413483, 0.969194624401656, 0.37805638116115936, 0.6051787661698935, 0.39862828966550196, 0.3191702769359937, 0.5223528406568242, 0.4164419079017815, 0.28440287715305673, 0.425329735465883, 0.2139431134481959, 0.7742215637494407, 0.265757082120357, 0.5539903995333183, 0.5376297492916332, 0.624847806687144, 0.5643248483235174, 0.2891971500693658, 0.4542371101329948, 0.4168517515178996], [0.10930388327827845, 0.7712328994584197, 0.8072065565776088, 0.7742814030576124, 0.3255719768323103, 1.1689319734629398, 0.8265063717481271, 0.29189764668545115, 0.7762983883668171, 0.6494046081504624, 0.955390210373621, 1.0410007940975523, 0.708944428998215, 0.8936524711513345, 1.2113640333028315, 0.34879085956057176, 0.631686012612689, 0.48592206036383323, 0.9747186910969567, 0.0, 0.4164668979000013, 0.9054582059166619, 0.5131702570733946, 0.29448100096993945, 1.1189966224498877, 0.33092068416388726, 0.6094508346341185, 1.059417328447965, 0.8391709846487199, 0.22198192573056583, 0.7325986468351765, 0.8918871727879466, 0.12052638437937398, 0.324292599570935, 0.2274744246416394, 0.7507702990294784, 0.411314872361374, 1.100705402466903, 0.8475214813343547, 1.0390958211978623, 0.4988445206744219, 0.8611577180321407, 1.0360651806467822, 0.1871080315526449, 0.626898307095966, 0.35284496388037184, 0.5077729360147969, 0.13033336594465533, 0.8357666255787707, 1.1449717056460942, 0.8983585697628227, 0.33664358301820435, 0.9861649671199114, 0.3928856858160506, 0.5773659216742935, 0.7661046175897118, 0.4531917537090041, 0.5982699619835166, 0.863220494134591, 0.5798756476368786, 0.9429947802696089, 0.6807958725410463, 0.9625207943393572, 0.42102473258981765, 0.5694283729655466, 0.881071141490539, 0.4103938429609769, 0.687352644571773, 0.805422337226831, 0.569481196077038], [0.3984101634876364, 0.38112758575206385, 0.7383376960004528, 0.4177665808511522, 0.39021374181795515, 0.9009985729041615, 0.673268949469687, 0.12938014242185808, 0.6647704715861019, 0.6582793233746393, 0.5445276051538472, 0.6925256827851338, 0.300038436760582, 0.5219414838655394, 0.9460255714623276, 0.32192660408318047, 0.33078931158526803, 0.4190804739019946, 0.5839444469026912, 0.4164668979000013, 0.0, 0.5653481132545385, 0.6150973145799208, 0.19028082049642112, 0.8732970408715486, 0.37355936202737644, 0.31337483356395895, 0.7618622558706508, 0.4866817187957466, 0.3604637015861078, 0.6493038826453246, 0.4761961943061703, 0.3707616408701432, 0.4492955378383307, 0.20087168998036908, 0.45496281759790014, 0.22825031198877438, 0.8180551023599505, 0.9420757911960684, 0.7462351847025335, 0.08435657355901735, 0.7252943240314559, 0.7986294944851601, 0.24660290539458526, 0.6021919276269225, 0.13880196917600313, 0.37121810678323114, 0.29863502040006024, 0.5410038412159512, 0.8505870056863518, 0.6214863778387945, 0.5559138050899647, 0.7041467642606074, 0.21688285078591027, 0.19557223280074607, 0.34969059004142755, 0.10443220514045205, 0.30801406811637944, 0.44686336378562996, 0.1659576571300677, 0.5274060747612728, 0.648814132955618, 0.5460640522237012, 0.10094160997451199, 0.3874797959291071, 0.7228110468701071, 0.11133187936681602, 0.3171152713680511, 0.5755816695382646, 0.24704279925994593], [0.9301113314085665, 0.22725011999722913, 0.574788313856353, 0.14891707797843878, 0.6669149738865572, 0.3748161805303082, 0.4176932846867291, 0.6414533906520993, 0.48216159392851193, 0.650243776633536, 0.3210456857685359, 0.1357527359853455, 0.336754176084785, 0.10662949421684009, 0.41782426143740764, 0.5967530304979484, 0.27462091497582325, 0.5280509724185859, 0.19695467590618246, 0.9054582059166619, 0.5653481132545385, 0.0, 0.7455527317037239, 0.6114422688889806, 0.37971914812755475, 0.648682937356901, 0.2967825834993825, 0.21900589882316948, 0.08199171193691968, 0.7298085707013858, 0.5202497045460238, 0.3763793037278303, 0.80715247559409, 0.7230851346394208, 0.6869747613049865, 0.17259246587110194, 0.497342202456741, 0.2852631210360558, 0.9165024309550895, 0.21186354592583362, 0.4962099867382829, 0.4658182078994102, 0.3360117071078635, 0.7854400506093274, 0.5892083050780463, 0.5584870356332594, 0.4583402990109635, 0.7758428698586781, 0.1266410325480427, 0.30193200546672766, 0.16848055224202999, 0.8385884546179977, 0.1976981114890915, 0.5144301097202449, 0.37064461738278465, 0.41749072712718643, 0.477719033049077, 0.30840243635737835, 0.4247926914531955, 0.4380717192928968, 0.38501476961971753, 0.5928315792877401, 0.43984258190406444, 0.5038555245603219, 0.39203012550413835, 0.42798874287659594, 0.5093115090169309, 0.25070929588629204, 0.2614057611231818, 0.3392350377645688], [0.6140494212427126, 0.7496269698108377, 0.3486706712877344, 0.6845005926546065, 0.23571610043954294, 0.847338867171216, 0.44437462468851313, 0.5273303918663808, 0.36604453185559155, 0.16672799874840408, 0.9608853240841119, 0.8646360856428875, 0.7606544721179345, 0.7961869199049687, 0.8807228770213403, 0.29330945504807765, 0.5285761631413843, 0.2385254099301749, 0.904183426575802, 0.5131702570733946, 0.6150973145799208, 0.7455527317037239, 0.0, 0.43614733611582, 0.7772495423833263, 0.24772124312375962, 0.5148877857366322, 0.7965961658681202, 0.7202791171401658, 0.31901954229604274, 0.3084374137928318, 0.9451725023951032, 0.4043011414804357, 0.19864104781890563, 0.4828300555502017, 0.5768744168521228, 0.40242530025314405, 0.809330174431155, 0.3453444772658158, 0.7734845938275572, 0.6496406455283976, 0.45142550517621116, 0.6985104190886477, 0.5782721974752578, 0.1876039307450559, 0.47639316736436543, 0.31621004369609274, 0.4641852646059771, 0.6268907219251285, 0.8627510768528075, 0.6443704153065474, 0.1980881601224496, 0.7166206734326949, 0.4064446936829199, 0.620906359321744, 0.8666843957251466, 0.5511019236526786, 0.5042761845606524, 0.9496677081175753, 0.6954281039158636, 0.9868518260186406, 0.22458914613257258, 1.0294983235143635, 0.5300029227783641, 0.3675411691750847, 0.4892238957349033, 0.5148596220042246, 0.6566144738892236, 0.5207334922743138, 0.5367542574431622], [0.3264311317452681, 0.4838674481390172, 0.617503396145287, 0.4801439572982725, 0.203814648472672, 0.8925543049799447, 0.5904038572730385, 0.09339567359673145, 0.5603399079980769, 0.5050917843721807, 0.6792270011041219, 0.7468224792620801, 0.4359348050281028, 0.6002988674182359, 0.9362782597402628, 0.14748232608686315, 0.3387401765304667, 0.27669267201936637, 0.6849843343253282, 0.29448100096993945, 0.19028082049642112, 0.6114422688889806, 0.43614733611582, 0.0, 0.8496657761313676, 0.18910347421051263, 0.31656918797730466, 0.7734601041532424, 0.5447091325487426, 0.17311984369674763, 0.5311069137754233, 0.6272901161612728, 0.20884873068951132, 0.26010102687599934, 0.08438847171435078, 0.46094264926327133, 0.12637122143302218, 0.8191102313680942, 0.7737628070748149, 0.7540923100700943, 0.2504950187588008, 0.635125329211557, 0.7685207240859364, 0.20199465517094436, 0.45771160285339807, 0.06618608632786943, 0.25933416280875704, 0.16445139583909466, 0.5476351794495389, 0.8605989911095995, 0.6156106540094317, 0.36580999620903065, 0.7033668474190714, 0.10645026757964031, 0.29381833071984115, 0.5134821714168498, 0.17385600618971575, 0.30579452166475846, 0.6092258757393624, 0.3216788909411096, 0.6770991002490058, 0.5094769795102784, 0.7048324224061675, 0.141284573805474, 0.30579370202458594, 0.6442709362963392, 0.12713526549264706, 0.3960125259951159, 0.5353935614726293, 0.2751119806090332], [1.1736930737064544, 0.6003692443759778, 0.4628986659119605, 0.503870176898026, 0.8140993098025424, 0.07884528950720421, 0.33289309127364175, 0.9105284130629825, 0.4131430056706466, 0.6243415374999441, 0.6858490842456857, 0.3536653912977053, 0.7054598977483163, 0.48348535897437156, 0.10376966022603488, 0.7715096935619435, 0.5425620640994596, 0.6460679097748958, 0.5460651715966567, 1.1189966224498877, 0.8732970408715486, 0.37971914812755475, 0.7772495423833263, 0.8496657761313676, 0.0, 0.8018893884802266, 0.560721964607179, 0.17780497399530085, 0.4521425344867583, 0.9066731579298452, 0.47110259902835966, 0.7528231428345663, 1.0031437437175885, 0.8494291534092919, 0.933815152652743, 0.4197754156477457, 0.7233125541869221, 0.11736753536269, 0.7931886642397445, 0.17405150887265738, 0.8223622709814382, 0.3348983457994092, 0.08335577724697159, 1.048456384882295, 0.5896569305671425, 0.8171695549734443, 0.6115012772063169, 1.0008374105080178, 0.33829227812339624, 0.15200807162689872, 0.2543535972489226, 0.9381549652764934, 0.18447435444672614, 0.7432575761389298, 0.6967467254320724, 0.7953581195645104, 0.7713513996135146, 0.5673219473774933, 0.8036216834951202, 0.7830591915817581, 0.7550278324869368, 0.5591487993164767, 0.8089514019104311, 0.7875963860675307, 0.5501276216797979, 0.29152697882434486, 0.7866965160584865, 0.5942877837233957, 0.31481887480479104, 0.6262551485232487], [0.4117100640682908, 0.583476252300857, 0.48015877593413403, 0.5463206288480633, 0.020104697685941537, 0.8580488994928217, 0.49728960546953005, 0.2796190597057746, 0.44538247943587905, 0.33777639154037364, 0.793239532467745, 0.7818814774289939, 0.566197183032884, 0.6681740064553404, 0.8985924011637088, 0.06115446980416946, 0.38414843184518077, 0.15745689311790306, 0.7676580428350875, 0.33092068416388726, 0.37355936202737644, 0.648682937356901, 0.24772124312375962, 0.18910347421051263, 0.8018893884802266, 0.0, 0.36415879057805056, 0.7652159298932618, 0.5994615270914051, 0.10909393586483493, 0.4025772595633096, 0.7587444107820821, 0.2104321562787209, 0.08489740492254688, 0.2378777481734065, 0.47845286647373475, 0.18807681022601375, 0.7977465613300918, 0.5890946042674249, 0.7433337319730189, 0.4189079704320902, 0.5304186174157943, 0.7185339762557269, 0.34256251384073905, 0.3033626145664452, 0.23549415949399347, 0.19838096610120254, 0.24096214147529585, 0.5536733875320048, 0.8460339799117063, 0.6019285034410478, 0.20583687638699225, 0.6874540880532967, 0.18362932282206756, 0.4191048900229818, 0.6612867786958969, 0.3248308046933342, 0.35193087260692724, 0.7520076630817034, 0.47657162135484904, 0.8053269445829501, 0.35765332692606777, 0.8410622724784811, 0.29851095594785004, 0.266587692287841, 0.5516099070649428, 0.2826992630491232, 0.4880859954136142, 0.49495447483934096, 0.3572826494673831], [0.6399805053267301, 0.23474453841467136, 0.48740096979882075, 0.18219707979455285, 0.3835846656497835, 0.5923380909136577, 0.38383840718966067, 0.358070052707751, 0.3986049168978789, 0.47528170397958514, 0.4462257548791355, 0.4325353125663965, 0.2626038422353062, 0.3040993346448707, 0.6371344635521906, 0.3076055932235061, 0.022236127810653764, 0.2768965718417934, 0.4043294284823212, 0.6094508346341185, 0.31337483356395895, 0.2967825834993825, 0.5148877857366322, 0.31656918797730466, 0.560721964607179, 0.36415879057805056, 0.0, 0.46197741220915517, 0.23748101793934215, 0.43592401001307135, 0.4034010518991158, 0.43387579638803775, 0.5104866105842932, 0.44463883380946817, 0.39524244007282544, 0.14780331790484147, 0.20066624512014164, 0.5128060053835993, 0.7703537516995874, 0.44399822310852777, 0.2723351923637687, 0.43944950363880475, 0.485297324021207, 0.5010310803372042, 0.40954535107239837, 0.26867409439511253, 0.1990314543669277, 0.48043077306756693, 0.23579502748003572, 0.550328024794516, 0.3116350875735553, 0.5648719547234554, 0.3971573711441032, 0.21765150437439892, 0.16166350979870217, 0.3761701341422516, 0.21064907092243418, 0.01225012086397558, 0.4462490847172959, 0.25892800161000695, 0.47325547235632726, 0.43847159340950287, 0.518165367730021, 0.2278903541770167, 0.15409834726694632, 0.4274005188196473, 0.2286443324038285, 0.14310249419567825, 0.26481117858713854, 0.06836814302847714], [1.0995356607186275, 0.4461644551070509, 0.5350567707008673, 0.36008885844353555, 0.7806305335747552, 0.15662140930887852, 0.3779792626970373, 0.82002068393415, 0.4598158432670239, 0.6645624554014459, 0.5103237576677389, 0.17611421034575886, 0.55525533535563, 0.3157487054741154, 0.19892592617566898, 0.7237056206397711, 0.44086809398345245, 0.6197915039552386, 0.36946704222273036, 1.059417328447965, 0.7618622558706508, 0.21900589882316948, 0.7965961658681202, 0.7734601041532424, 0.17780497399530085, 0.7652159298932618, 0.46197741220915517, 0.0, 0.298799166246122, 0.8614543117161954, 0.5130586219476077, 0.5813916993414137, 0.9505359023362002, 0.8267727674140336, 0.85493418876159, 0.31426124293017654, 0.6496039745737027, 0.0675425573136223, 0.8835088759986137, 0.023112116021817824, 0.7002547576950967, 0.40523645731939184, 0.17094897004042903, 0.9629284708876953, 0.6156814240827332, 0.7301601032151728, 0.5669196403856662, 0.9339289433984037, 0.22642727085060096, 0.08880018975097781, 0.16331217577609475, 0.9302259752375485, 0.08025649046214471, 0.668832914968283, 0.5728100691448467, 0.635319566734423, 0.6658023546946026, 0.47126077429234753, 0.634530640852955, 0.6495312772964816, 0.5804604407473941, 0.5996477719859913, 0.6338523187150807, 0.6874099988190191, 0.4991953500165407, 0.35898318215125724, 0.6896943169056091, 0.4588866472828638, 0.27880870505248256, 0.5199272839903227], [0.8584683516001707, 0.14863514157286137, 0.5888549543614469, 0.06892948358765515, 0.6184754688152603, 0.4532204301037242, 0.439685746085429, 0.5682874230788619, 0.4939918496817487, 0.6415365819336839, 0.28146417608826624, 0.20667203557711072, 0.2565971725943592, 0.07679669345347907, 0.49687739351250504, 0.5443535454787092, 0.216283845841502, 0.49229934519810054, 0.18616098046146